 1 ; 1=block, 2=linear
   11   ; # of exchanges in this file
    10    11    12    13    14    15    16    17    18    19    20
   731  ; nr. of time points
    1.0 ; scale factor
                   0   ; time in ddhhmmss
   15.0 7.492 2.113 9.0 1.0 2.0 0.0 0.5 1.5 1.5 0.9 ; values
                   1000000   ; time in ddhhmmss
   15.0 7.492 1.705 9.0 1.0 2.0 0.0 0.5 1.5 1.5 0.9 ; values
                   2000000   ; time in ddhhmmss
   15.0 7.492 1.42 9.0 1.0 2.0 0.0 0.5 1.5 1.5 0.9 ; values
                   3000000   ; time in ddhhmmss
   15.0 7.492 0.322 9.0 1.0 2.0 0.0 0.5 1.5 1.5 0.9 ; values
                   4000000   ; time in ddhhmmss
   15.0 7.492 2.057 9.0 1.0 2.0 0.0 0.5 1.5 1.5 0.9 ; values
                   5000000   ; time in ddhhmmss
   15.0 7.492 1.829 9.0 1.0 2.0 0.0 0.5 1.5 1.5 0.9 ; values
                   6000000   ; time in ddhhmmss
   15.0 7.492 2.57 9.0 1.0 2.0 0.0 0.5 1.5 1.5 0.9 ; values
                   7000000   ; time in ddhhmmss
   15.0 7.492 2.302 9.0 1.0 2.0 0.0 0.5 1.5 1.5 0.9 ; values
                   8000000   ; time in ddhhmmss
   15.0 7.492 2.862 9.0 1.0 2.0 0.0 0.5 1.5 1.5 0.9 ; values
                   9000000   ; time in ddhhmmss
   15.0 7.492 4.478 9.0 1.0 2.0 0.0 0.5 1.5 1.5 0.9 ; values
                   10000000   ; time in ddhhmmss
   15.0 17.167 3.243 27.46705092592596 1.0 2.0 0.0 0.5 1.5 1.5 0.9 ; values
                   11000000   ; time in ddhhmmss
   15.0 18.208 3.236 28.645017954894914 1.0 2.0 0.1235190821421231 0.5 1.5 1.5 0.9 ; values
                   12000000   ; time in ddhhmmss
   15.0 67.952 14.909 28.583596174586564 1.0 2.0 39.482873726370805 0.5 1.5 1.5 0.9 ; values
                   13000000   ; time in ddhhmmss
   15.0 75.689 12.878 30.04073675744364 1.0 2.0 43.670718852958274 0.5 1.5 1.5 0.9 ; values
                   14000000   ; time in ddhhmmss
   15.0 48.068 9.616 26.088943503389693 1.0 2.0 60.97855099541481 0.5 1.5 1.5 0.9 ; values
                   15000000   ; time in ddhhmmss
   15.0 32.955 6.504 26.18867779048148 1.0 2.0 45.55524710676214 0.5 1.5 1.5 0.9 ; values
                   16000000   ; time in ddhhmmss
   15.0 19.687 3.743 30.75453703703704 1.0 2.0 0.0 0.5 1.5 1.5 0.9 ; values
                   17000000   ; time in ddhhmmss
   15.0 16.791 3.041 27.251831284808787 1.0 2.0 0.0768701040801037 0.5 1.5 1.5 0.9 ; values
                   18000000   ; time in ddhhmmss
   15.0 13.401 1.491 23.869314814814818 1.0 2.0 0.0 0.5 1.5 1.5 0.9 ; values
                   19000000   ; time in ddhhmmss
   15.0 12.625 2.037 26.46281018518519 1.0 2.0 0.0 0.5 1.5 1.5 0.9 ; values
                   20000000   ; time in ddhhmmss
   15.0 10.278 0.723 19.358523148148148 1.0 2.0 0.0 0.5 1.5 1.5 0.9 ; values
                   21000000   ; time in ddhhmmss
   15.0 8.36 1.879 18.424358796296296 1.0 2.0 0.0 0.5 1.5 1.5 0.9 ; values
                   22000000   ; time in ddhhmmss
   15.0 7.223 1.694 16.99906018518518 1.0 2.0 0.0 0.5 1.5 1.5 0.9 ; values
                   23000000   ; time in ddhhmmss
   15.0 7.15 1.793 16.129805555555556 1.0 2.0 0.0 0.5 1.5 1.5 0.9 ; values
                   24000000   ; time in ddhhmmss
   15.0 8.0 1.33 17.928553240740733 1.0 2.0 0.0 0.5 1.5 1.5 0.9 ; values
                   25000000   ; time in ddhhmmss
   15.0 6.961 1.616 18.518435185185183 1.0 2.0 0.0 0.5 1.5 1.5 0.9 ; values
                   26000000   ; time in ddhhmmss
   15.0 7.119 0.199 14.642537037037044 1.0 2.0 0.0 0.5 1.5 1.5 0.9 ; values
                   27000000   ; time in ddhhmmss
   15.0 7.009 0.681 18.42339120370371 1.0 2.0 0.0 0.5 1.5 1.5 0.9 ; values
                   28000000   ; time in ddhhmmss
   15.0 7.354 1.891 24.14476851851851 1.0 2.0 0.0 0.5 1.5 1.5 0.9 ; values
                   29000000   ; time in ddhhmmss
   15.0 17.032 3.839 27.912752314814817 1.0 2.0 11.40460185185185 0.5 1.5 1.5 0.9 ; values
                   30000000   ; time in ddhhmmss
   15.0 16.488 3.326 29.13564351851852 1.0 2.0 0.0 0.5 1.5 1.5 0.9 ; values
                   31000000   ; time in ddhhmmss
   15.0 13.115 3.381 26.8850625 1.0 2.0 0.0 0.5 1.5 1.5 0.9 ; values
                   32000000   ; time in ddhhmmss
   15.0 12.362 3.221 24.28485185185186 1.0 2.0 0.0 0.5 1.5 1.5 0.9 ; values
                   33000000   ; time in ddhhmmss
   15.0 11.203 2.251 20.709671296296293 1.0 2.0 0.0 0.5 1.5 1.5 0.9 ; values
                   34000000   ; time in ddhhmmss
   15.0 10.083 2.46 23.138659722222226 1.0 2.0 0.0 0.5 1.5 1.5 0.9 ; values
                   35000000   ; time in ddhhmmss
   15.0 14.691 2.926 28.078592148088624 1.0 2.0 2.61323424080027 0.5 1.5 1.5 0.9 ; values
                   36000000   ; time in ddhhmmss
   15.0 13.33 2.528 23.561298611111116 1.0 2.0 0.0 0.5 1.5 1.5 0.9 ; values
                   37000000   ; time in ddhhmmss
   15.0 11.032 2.603 22.233553240740743 1.0 2.0 0.0 0.5 1.5 1.5 0.9 ; values
                   38000000   ; time in ddhhmmss
   15.0 11.692 2.766 21.920268518518515 1.0 2.0 0.0 0.5 1.5 1.5 0.9 ; values
                   39000000   ; time in ddhhmmss
   15.0 11.342 2.369 21.379865740740744 1.0 2.0 0.0 0.5 1.5 1.5 0.9 ; values
                   40000000   ; time in ddhhmmss
   15.0 8.431 1.691 17.30880555555556 1.0 2.0 0.0 0.5 1.5 1.5 0.9 ; values
                   41000000   ; time in ddhhmmss
   15.0 10.008 1.774 18.89993981481481 1.0 2.0 0.0 0.5 1.5 1.5 0.9 ; values
                   42000000   ; time in ddhhmmss
   15.0 10.558 2.212 20.23226851851851 1.0 2.0 0.0 0.5 1.5 1.5 0.9 ; values
                   43000000   ; time in ddhhmmss
   15.0 8.42 2.054 17.454208333333344 1.0 2.0 0.0 0.5 1.5 1.5 0.9 ; values
                   44000000   ; time in ddhhmmss
   15.0 8.592 2.47 18.042208333333324 1.0 2.0 0.0 0.5 1.5 1.5 0.9 ; values
                   45000000   ; time in ddhhmmss
   15.0 5.39 1.238 14.021402777777784 1.0 2.0 0.0 0.5 1.5 1.5 0.9 ; values
                   46000000   ; time in ddhhmmss
   15.0 6.915 0.664 14.55920833333333 1.0 2.0 0.0 0.5 1.5 1.5 0.9 ; values
                   47000000   ; time in ddhhmmss
   15.0 8.488 0.688 16.087342592592588 1.0 2.0 0.0 0.5 1.5 1.5 0.9 ; values
                   48000000   ; time in ddhhmmss
   15.0 7.587 1.817 16.3153425925926 1.0 2.0 0.0 0.5 1.5 1.5 0.9 ; values
                   49000000   ; time in ddhhmmss
   15.0 7.401 1.019 15.26247685185185 1.0 2.0 0.0 0.5 1.5 1.5 0.9 ; values
                   50000000   ; time in ddhhmmss
   15.0 7.213 0.874 14.929476851851854 1.0 2.0 0.0 0.5 1.5 1.5 0.9 ; values
                   51000000   ; time in ddhhmmss
   15.0 9.902 -0.135 16.60947685185186 1.0 2.0 0.0 0.5 1.5 1.5 0.9 ; values
                   52000000   ; time in ddhhmmss
   15.0 14.535 1.829 23.206476851851853 1.0 2.0 0.0 0.5 1.5 1.5 0.9 ; values
                   53000000   ; time in ddhhmmss
   15.0 66.693 11.455 31.951474358409463 1.0 2.0 52.90127101196091 0.5 1.5 1.5 0.9 ; values
                   54000000   ; time in ddhhmmss
   15.0 63.034 10.458 28.849923778333338 1.0 2.0 51.415687332777765 0.5 1.5 1.5 0.9 ; values
                   55000000   ; time in ddhhmmss
   15.0 32.481 6.271 29.396602321111107 1.0 2.0 15.99127730851852 0.5 1.5 1.5 0.9 ; values
                   56000000   ; time in ddhhmmss
   15.0 24.407 4.353 29.266200421296293 1.0 2.0 6.439575041666672 0.5 1.5 1.5 0.9 ; values
                   57000000   ; time in ddhhmmss
   15.0 26.634 4.772 30.81876672805724 1.0 2.0 7.36084438305387 0.5 1.5 1.5 0.9 ; values
                   58000000   ; time in ddhhmmss
   15.0 45.461 8.123 30.966673678331645 1.0 2.0 32.28329854389059 0.5 1.5 1.5 0.9 ; values
                   59000000   ; time in ddhhmmss
   15.0 59.513 12.559 30.400283562572984 1.0 2.0 14.012457178167764 0.5 1.5 1.5 0.9 ; values
                   60000000   ; time in ddhhmmss
   15.0 48.549 8.597 30.07459667349781 1.0 2.0 30.16069730798367 0.5 1.5 1.5 0.9 ; values
                   61000000   ; time in ddhhmmss
   15.0 29.624 4.834 29.03830752907323 1.0 2.0 12.193303582037872 0.5 1.5 1.5 0.9 ; values
                   62000000   ; time in ddhhmmss
   15.0 22.985 3.593 31.66373531649508 1.0 2.0 2.8930262575790007 0.5 1.5 1.5 0.9 ; values
                   63000000   ; time in ddhhmmss
   15.0 25.837 3.66 30.35611167699051 1.0 2.0 6.327693878565039 0.5 1.5 1.5 0.9 ; values
                   64000000   ; time in ddhhmmss
   15.0 32.691 4.184 28.641833230188627 1.0 2.0 15.729868158700269 0.5 1.5 1.5 0.9 ; values
                   65000000   ; time in ddhhmmss
   15.0 31.298 3.553 30.066558280142058 1.0 2.0 13.210830608746836 0.5 1.5 1.5 0.9 ; values
                   66000000   ; time in ddhhmmss
   15.0 35.6 6.602 25.861176968632275 1.0 2.0 24.629480438775136 0.5 1.5 1.5 0.9 ; values
                   67000000   ; time in ddhhmmss
   15.0 63.612 9.282 28.77241629614478 1.0 2.0 50.82632907422558 0.5 1.5 1.5 0.9 ; values
                   68000000   ; time in ddhhmmss
   15.0 37.867 6.144 28.135208024540404 1.0 2.0 22.7871345680522 0.5 1.5 1.5 0.9 ; values
                   69000000   ; time in ddhhmmss
   15.0 24.494 4.029 27.046650039185188 1.0 2.0 13.82808607192592 0.5 1.5 1.5 0.9 ; values
                   70000000   ; time in ddhhmmss
   15.0 19.83 3.184 24.058311893738978 1.0 2.0 6.073627921075834 0.5 1.5 1.5 0.9 ; values
                   71000000   ; time in ddhhmmss
   15.0 16.426 1.773 24.49055092592592 1.0 2.0 0.0 0.5 1.5 1.5 0.9 ; values
                   72000000   ; time in ddhhmmss
   15.0 12.838 1.687 20.74768518518519 1.0 2.0 0.0 0.5 1.5 1.5 0.9 ; values
                   73000000   ; time in ddhhmmss
   15.0 12.059 1.585 9.715616199971512 1.0 2.0 37.69736528150997 0.5 1.5 1.5 0.9 ; values
                   74000000   ; time in ddhhmmss
   15.0 10.238 1.576 10.255624489995038 1.0 2.0 7.781060695190147 0.5 1.5 1.5 0.9 ; values
                   75000000   ; time in ddhhmmss
   15.0 10.83 0.39 8.791302161459381 1.0 2.0 8.720248764466541 0.5 1.5 1.5 0.9 ; values
                   76000000   ; time in ddhhmmss
   15.0 23.255 1.904 10.126196020399178 1.0 2.0 21.530952127748968 0.5 1.5 1.5 0.9 ; values
                   77000000   ; time in ddhhmmss
   15.0 30.654 3.12 9.778520911063788 1.0 2.0 30.14929853338065 0.5 1.5 1.5 0.9 ; values
                   78000000   ; time in ddhhmmss
   15.0 26.01 2.87 8.020102260555557 1.0 2.0 27.358045887592592 0.5 1.5 1.5 0.9 ; values
                   79000000   ; time in ddhhmmss
   15.0 30.221 3.997 9.235834882492878 1.0 2.0 31.27371604343305 0.5 1.5 1.5 0.9 ; values
                   80000000   ; time in ddhhmmss
   15.0 19.927 3.355 9.98559849069231 1.0 2.0 19.31248947227065 0.5 1.5 1.5 0.9 ; values
                   81000000   ; time in ddhhmmss
   15.0 17.443 3.478 8.810349089481482 1.0 2.0 18.05787313274074 0.5 1.5 1.5 0.9 ; values
                   82000000   ; time in ddhhmmss
   15.0 10.492 2.68 9.89358964827778 1.0 2.0 9.363364055425924 0.5 1.5 1.5 0.9 ; values
                   83000000   ; time in ddhhmmss
   15.0 13.432 2.774 10.428551591703702 1.0 2.0 11.931267852740742 0.5 1.5 1.5 0.9 ; values
                   84000000   ; time in ddhhmmss
   15.0 10.175 2.144 10.286209145370371 1.0 2.0 8.048878817592596 0.5 1.5 1.5 0.9 ; values
                   85000000   ; time in ddhhmmss
   15.0 6.956 1.313 10.090963031777775 1.0 2.0 4.331856412666669 0.5 1.5 1.5 0.9 ; values
                   86000000   ; time in ddhhmmss
   15.0 6.73 0.591 9.344956036074072 1.0 2.0 3.923266186148157 0.5 1.5 1.5 0.9 ; values
                   87000000   ; time in ddhhmmss
   15.0 7.555 0.364 9.13755316851235 1.0 2.0 5.761655164820984 0.5 1.5 1.5 0.9 ; values
                   88000000   ; time in ddhhmmss
   15.0 6.764 0.794 7.999157722820989 1.0 2.0 5.85039320310494 0.5 1.5 1.5 0.9 ; values
                   89000000   ; time in ddhhmmss
   15.0 6.759 1.099 8.92905613111111 1.0 2.0 5.013897572592595 0.5 1.5 1.5 0.9 ; values
                   90000000   ; time in ddhhmmss
   15.0 6.4 0.768 7.964225865148148 1.0 2.0 14.24127413485185 0.5 1.5 1.5 0.9 ; values
                   91000000   ; time in ddhhmmss
   15.0 7.663 0.622 6.195519675925926 1.0 2.0 11.514422453703698 0.5 1.5 1.5 0.9 ; values
                   92000000   ; time in ddhhmmss
   15.0 4.739 0.578 8.797028264062678 1.0 2.0 3.396881458159542 0.5 1.5 1.5 0.9 ; values
                   93000000   ; time in ddhhmmss
   15.0 4.952 0.549 9.784882706122508 1.0 2.0 2.6963256272108227 0.5 1.5 1.5 0.9 ; values
                   94000000   ; time in ddhhmmss
   15.0 4.776 -0.678 9.040609272929627 1.0 2.0 1.0734786900333393 0.5 1.5 1.5 0.9 ; values
                   95000000   ; time in ddhhmmss
   15.0 5.439 0.324 9.332151442093762 1.0 2.0 2.860130965313646 0.5 1.5 1.5 0.9 ; values
                   96000000   ; time in ddhhmmss
   15.0 4.44 0.072 10.318279907402534 1.0 2.0 0.0032108333382083 0.5 1.5 1.5 0.9 ; values
                   97000000   ; time in ddhhmmss
   15.0 4.883 0.64 8.782634358580248 1.0 2.0 2.6187221229012376 0.5 1.5 1.5 0.9 ; values
                   98000000   ; time in ddhhmmss
   15.0 5.238 1.544 10.065693049021606 1.0 2.0 3.0078578769043194 0.5 1.5 1.5 0.9 ; values
                   99000000   ; time in ddhhmmss
   15.0 4.289 -0.946 9.947924126657409 1.0 2.0 0.5818814288981449 0.5 1.5 1.5 0.9 ; values
                   100000000   ; time in ddhhmmss
   15.0 4.891 0.183 8.589814244185185 1.0 2.0 3.3266626076666648 0.5 1.5 1.5 0.9 ; values
                   101000000   ; time in ddhhmmss
   15.0 4.072 0.409 8.29440942977778 1.0 2.0 1.996081310962964 0.5 1.5 1.5 0.9 ; values
                   102000000   ; time in ddhhmmss
   15.0 5.472 -0.981 9.300452048111111 1.0 2.0 0.6557099889259311 0.5 1.5 1.5 0.9 ; values
                   103000000   ; time in ddhhmmss
   15.0 3.128 0.253 9.0 1.0 2.0 0.0 0.5 1.5 1.5 0.9 ; values
                   104000000   ; time in ddhhmmss
   15.0 4.831 -0.256 8.172903069571486 1.0 2.0 28.70879137487297 0.5 1.5 1.5 0.9 ; values
                   105000000   ; time in ddhhmmss
   15.0 5.274 -0.722 8.945946602366785 1.0 2.0 0.6580209902258025 0.5 1.5 1.5 0.9 ; values
                   106000000   ; time in ddhhmmss
   15.0 4.589 -0.323 8.19653070908876 1.0 2.0 1.1214368835038278 0.5 1.5 1.5 0.9 ; values
                   107000000   ; time in ddhhmmss
   15.0 4.752 0.447 9.188789622157032 1.0 2.0 1.1999094519170397 0.5 1.5 1.5 0.9 ; values
                   108000000   ; time in ddhhmmss
   15.0 2.538 0.762 9.622549645087544 1.0 2.0 0.2444642438013455 0.5 1.5 1.5 0.9 ; values
                   109000000   ; time in ddhhmmss
   15.0 3.024 1.074 8.795578559370373 1.0 2.0 0.9741806998888842 0.5 1.5 1.5 0.9 ; values
                   110000000   ; time in ddhhmmss
   15.0 3.582 -0.472 7.748455109833333 1.0 2.0 1.205468501277777 0.5 1.5 1.5 0.9 ; values
                   111000000   ; time in ddhhmmss
   15.0 4.192 -0.505 8.565361903592596 1.0 2.0 0.3113371704814791 0.5 1.5 1.5 0.9 ; values
                   112000000   ; time in ddhhmmss
   15.0 4.249 -0.354 9.084699074074075 1.0 2.0 0.0 0.5 1.5 1.5 0.9 ; values
                   113000000   ; time in ddhhmmss
   15.0 2.358 -0.039 9.0 1.0 2.0 0.0 0.5 1.5 1.5 0.9 ; values
                   114000000   ; time in ddhhmmss
   15.0 4.128 -1.225 11.127673574401708 1.0 2.0 0.2254606848575471 0.5 1.5 1.5 0.9 ; values
                   115000000   ; time in ddhhmmss
   15.0 2.744 -0.203 8.642847399635329 1.0 2.0 10.009958155920229 0.5 1.5 1.5 0.9 ; values
                   116000000   ; time in ddhhmmss
   15.0 2.19 -0.843 8.949240208962962 1.0 2.0 2.02929914288889 0.5 1.5 1.5 0.9 ; values
                   117000000   ; time in ddhhmmss
   15.0 3.408 -0.018 9.01044787887037 1.0 2.0 1.187596102611113 0.5 1.5 1.5 0.9 ; values
                   118000000   ; time in ddhhmmss
   15.0 2.976 1.363 7.945763523 1.0 2.0 2.650354532555553 0.5 1.5 1.5 0.9 ; values
                   119000000   ; time in ddhhmmss
   15.0 2.105 2.296 10.027816749333338 1.0 2.0 1.525555935851844 0.5 1.5 1.5 0.9 ; values
                   120000000   ; time in ddhhmmss
   15.0 0.57 1.502 8.814185778455027 1.0 2.0 0.857814221544971 0.5 1.5 1.5 0.9 ; values
                   121000000   ; time in ddhhmmss
   15.0 2.654 0.352 9.941482728119045 1.0 2.0 2.351727920029101 0.5 1.5 1.5 0.9 ; values
                   122000000   ; time in ddhhmmss
   15.0 3.287 1.336 8.042925457962962 1.0 2.0 1.8042064864814795 0.5 1.5 1.5 0.9 ; values
                   123000000   ; time in ddhhmmss
   15.0 3.565 1.688 9.36556998402814 1.0 2.0 0.3884716826385261 0.5 1.5 1.5 0.9 ; values
                   124000000   ; time in ddhhmmss
   15.0 2.356 0.894 8.777496908120007 1.0 2.0 2.898891980768885 0.5 1.5 1.5 0.9 ; values
                   125000000   ; time in ddhhmmss
   15.0 2.238 1.627 7.112326573592595 1.0 2.0 2.975358611592586 0.5 1.5 1.5 0.9 ; values
                   126000000   ; time in ddhhmmss
   15.0 3.074 -0.289 9.0 1.0 2.0 0.0 0.5 1.5 1.5 0.9 ; values
                   127000000   ; time in ddhhmmss
   15.0 1.691 -1.004 9.0 1.0 2.0 0.0 0.5 1.5 1.5 0.9 ; values
                   128000000   ; time in ddhhmmss
   15.0 2.053 0.452 9.0 1.0 2.0 0.0 0.5 1.5 1.5 0.9 ; values
                   129000000   ; time in ddhhmmss
   15.0 2.938 0.699 8.030762602185185 1.0 2.0 0.0 0.5 1.5 1.5 0.9 ; values
                   130000000   ; time in ddhhmmss
   15.0 2.045 0.763 8.779715695537035 1.0 2.0 1.790919850425936 0.5 1.5 1.5 0.9 ; values
                   131000000   ; time in ddhhmmss
   15.0 2.718 0.835 10.443155347905725 1.0 2.0 7.114358540983165 0.5 1.5 1.5 0.9 ; values
                   132000000   ; time in ddhhmmss
   15.0 5.471 0.934 7.986430715353536 1.0 2.0 4.813418821683506 0.5 1.5 1.5 0.9 ; values
                   133000000   ; time in ddhhmmss
   15.0 2.561 -0.21 8.685593585493539 1.0 2.0 3.0214828033953496 0.5 1.5 1.5 0.9 ; values
                   134000000   ; time in ddhhmmss
   15.0 1.719 0.08 9.8596752232472 1.0 2.0 25.26067894341946 0.5 1.5 1.5 0.9 ; values
                   135000000   ; time in ddhhmmss
   15.0 -4.856 0.3635 9.0 1.0 2.0 0.0 0.5 1.5 1.5 0.9 ; values
                   136000000   ; time in ddhhmmss
   15.0 3.013 0.647 9.0 1.0 2.0 0.0 0.5 1.5 1.5 0.9 ; values
                   137000000   ; time in ddhhmmss
   15.0 7.264 1.212 9.317699836321198 1.0 2.0 2.8503372007158347 0.5 1.5 1.5 0.9 ; values
                   138000000   ; time in ddhhmmss
   15.0 4.04 0.574 7.907967552777778 1.0 2.0 5.855511613888889 0.5 1.5 1.5 0.9 ; values
                   139000000   ; time in ddhhmmss
   15.0 3.676 1.038 8.88799694814815 1.0 2.0 8.040007681481482 0.5 1.5 1.5 0.9 ; values
                   140000000   ; time in ddhhmmss
   15.0 1.05 0.518 9.030268518518517 1.0 2.0 0.0 0.5 1.5 1.5 0.9 ; values
                   141000000   ; time in ddhhmmss
   15.0 1.323 -0.148 10.715290688314816 1.0 2.0 0.6766074598333371 0.5 1.5 1.5 0.9 ; values
                   142000000   ; time in ddhhmmss
   15.0 3.891 -0.603 10.803991605951037 1.0 2.0 8.347897282937847 0.5 1.5 1.5 0.9 ; values
                   143000000   ; time in ddhhmmss
   15.0 2.686 -0.849 7.843188469715632 1.0 2.0 1.903707363617701 0.5 1.5 1.5 0.9 ; values
                   144000000   ; time in ddhhmmss
   15.0 7.215 1.09 9.6565545512037 1.0 2.0 10.79358433768519 0.5 1.5 1.5 0.9 ; values
                   145000000   ; time in ddhhmmss
   15.0 5.386 1.047 9.192793800740745 1.0 2.0 2.223308051111106 0.5 1.5 1.5 0.9 ; values
                   146000000   ; time in ddhhmmss
   15.0 4.682 0.541 7.964254324139894 1.0 2.0 2.448444749934182 0.5 1.5 1.5 0.9 ; values
                   147000000   ; time in ddhhmmss
   15.0 8.663 1.068 8.416834095471218 1.0 2.0 5.677476089713971 0.5 1.5 1.5 0.9 ; values
                   148000000   ; time in ddhhmmss
   15.0 6.042 0.174 9.380005621746378 1.0 2.0 0.9927073412165875 0.5 1.5 1.5 0.9 ; values
                   149000000   ; time in ddhhmmss
   15.0 5.663 1.485 9.43394728143554 1.0 2.0 2.0084971630089026 0.5 1.5 1.5 0.9 ; values
                   150000000   ; time in ddhhmmss
   15.0 7.416 1.594 7.704181124799565 1.0 2.0 5.600263319644879 0.5 1.5 1.5 0.9 ; values
                   151000000   ; time in ddhhmmss
   15.0 5.909 1.475 8.821590537929882 1.0 2.0 2.8568539065145604 0.5 1.5 1.5 0.9 ; values
                   152000000   ; time in ddhhmmss
   15.0 4.6 0.404 9.815595770199748 1.0 2.0 1.273357933503959 0.5 1.5 1.5 0.9 ; values
                   153000000   ; time in ddhhmmss
   15.0 4.597 1.003 7.984756641370369 1.0 2.0 4.044525766037039 0.5 1.5 1.5 0.9 ; values
                   154000000   ; time in ddhhmmss
   15.0 6.349 1.649 8.052781771462962 1.0 2.0 7.820681191500001 0.5 1.5 1.5 0.9 ; values
                   155000000   ; time in ddhhmmss
   15.0 5.397 2.304 7.92064835661111 1.0 2.0 4.487990532277777 0.5 1.5 1.5 0.9 ; values
                   156000000   ; time in ddhhmmss
   15.0 2.403 1.886 8.993106167925927 1.0 2.0 0.0 0.5 1.5 1.5 0.9 ; values
                   157000000   ; time in ddhhmmss
   15.0 6.917 2.719 8.928474162857551 1.0 2.0 4.867771521068372 0.5 1.5 1.5 0.9 ; values
                   158000000   ; time in ddhhmmss
   15.0 6.509 2.731 9.518939626063576 1.0 2.0 12.382692318380874 0.5 1.5 1.5 0.9 ; values
                   159000000   ; time in ddhhmmss
   15.0 0.756 2.29 6.699799877393688 1.0 2.0 0.8472417892729756 0.5 1.5 1.5 0.9 ; values
                   160000000   ; time in ddhhmmss
   15.0 5.093 2.675 8.042488456942056 1.0 2.0 5.810465246761648 0.5 1.5 1.5 0.9 ; values
                   161000000   ; time in ddhhmmss
   15.0 1.683 2.241 8.792496389650537 1.0 2.0 0.0 0.5 1.5 1.5 0.9 ; values
                   162000000   ; time in ddhhmmss
   15.0 3.933 1.168 9.646674513194442 1.0 2.0 0.1388383564142795 0.5 1.5 1.5 0.9 ; values
                   163000000   ; time in ddhhmmss
   15.0 4.206 1.465 9.8965787037037 1.0 2.0 0.0 0.5 1.5 1.5 0.9 ; values
                   164000000   ; time in ddhhmmss
   15.0 1.948 1.053 8.267823293720275 1.0 2.0 0.5426674470204642 0.5 1.5 1.5 0.9 ; values
                   165000000   ; time in ddhhmmss
   15.0 0.04 -1.463 10.262306069292071 1.0 2.0 13.268860597374596 0.5 1.5 1.5 0.9 ; values
                   166000000   ; time in ddhhmmss
   15.0 5.387 -0.404 7.530229523376542 1.0 2.0 1.5406176988456806 0.5 1.5 1.5 0.9 ; values
                   167000000   ; time in ddhhmmss
   15.0 4.245 0.343 8.547528381174823 1.0 2.0 1.918828100306659 0.5 1.5 1.5 0.9 ; values
                   168000000   ; time in ddhhmmss
   15.0 4.128 1.683 9.921431683528878 1.0 2.0 0.6660729461007513 0.5 1.5 1.5 0.9 ; values
                   169000000   ; time in ddhhmmss
   15.0 2.092 -0.612 8.936188810740742 1.0 2.0 0.0 0.5 1.5 1.5 0.9 ; values
                   170000000   ; time in ddhhmmss
   15.0 2.146 -0.159 9.0 1.0 2.0 0.0 0.5 1.5 1.5 0.9 ; values
                   171000000   ; time in ddhhmmss
   15.0 -0.096 0.021 8.598645508353131 1.0 2.0 0.0 0.5 1.5 1.5 0.9 ; values
                   172000000   ; time in ddhhmmss
   15.0 -0.051 -1.96 9.0 1.0 2.0 0.0 0.5 1.5 1.5 0.9 ; values
                   173000000   ; time in ddhhmmss
   15.0 -0.004 3.129 8.42583573537037 1.0 2.0 0.0 0.5 1.5 1.5 0.9 ; values
                   174000000   ; time in ddhhmmss
   15.0 -0.063 5.521 9.0 1.0 2.0 0.0 0.5 1.5 1.5 0.9 ; values
                   175000000   ; time in ddhhmmss
   15.0 -0.039 6.237 9.0 1.0 2.0 0.0 0.5 1.5 1.5 0.9 ; values
                   176000000   ; time in ddhhmmss
   15.0 3.973 4.236 9.0 1.0 2.0 0.0 0.5 1.5 1.5 0.9 ; values
                   177000000   ; time in ddhhmmss
   15.0 3.762 1.825 9.0 1.0 2.0 0.0 0.5 1.5 1.5 0.9 ; values
                   178000000   ; time in ddhhmmss
   15.0 4.399 2.884 9.0 1.0 2.0 0.0 0.5 1.5 1.5 0.9 ; values
                   179000000   ; time in ddhhmmss
   15.0 5.037 2.523 9.405794526632835 1.0 2.0 1.592984492976992 0.5 1.5 1.5 0.9 ; values
                   180000000   ; time in ddhhmmss
   15.0 4.507 2.027 10.04360867044302 1.0 2.0 8.428932996223647 0.5 1.5 1.5 0.9 ; values
                   181000000   ; time in ddhhmmss
   15.0 6.602 3.856 7.7782099926495745 1.0 2.0 21.986965933276352 0.5 1.5 1.5 0.9 ; values
                   182000000   ; time in ddhhmmss
   15.0 6.244 2.893 6.465906823999999 1.0 2.0 15.436023731555558 0.5 1.5 1.5 0.9 ; values
                   183000000   ; time in ddhhmmss
   15.0 1.787 0.493 8.774059918703703 1.0 2.0 5.341183136851846 0.5 1.5 1.5 0.9 ; values
                   184000000   ; time in ddhhmmss
   15.0 3.681 1.599 9.017356572876118 1.0 2.0 3.965942038234996 0.5 1.5 1.5 0.9 ; values
                   185000000   ; time in ddhhmmss
   15.0 2.108 0.283 7.7137707225984755 1.0 2.0 1.450840388512637 0.5 1.5 1.5 0.9 ; values
                   186000000   ; time in ddhhmmss
   15.0 4.048 2.873 9.371965829634345 1.0 2.0 3.771719355550841 0.5 1.5 1.5 0.9 ; values
                   187000000   ; time in ddhhmmss
   15.0 6.882 3.066 8.855241445076253 1.0 2.0 6.4201891104792965 0.5 1.5 1.5 0.9 ; values
                   188000000   ; time in ddhhmmss
   15.0 7.202 2.487 9.327082815666667 1.0 2.0 5.482750517666664 0.5 1.5 1.5 0.9 ; values
                   189000000   ; time in ddhhmmss
   15.0 5.549 3.287 9.389195613074072 1.0 2.0 3.9478460535925937 0.5 1.5 1.5 0.9 ; values
                   190000000   ; time in ddhhmmss
   15.0 4.001 1.764 9.639272011373215 1.0 2.0 0.3513066923304895 0.5 1.5 1.5 0.9 ; values
                   191000000   ; time in ddhhmmss
   15.0 4.884 3.218 9.145886682905878 1.0 2.0 4.008080909686712 0.5 1.5 1.5 0.9 ; values
                   192000000   ; time in ddhhmmss
   15.0 21.368 8.826 9.172280079035712 1.0 2.0 25.935956032075392 0.5 1.5 1.5 0.9 ; values
                   193000000   ; time in ddhhmmss
   15.0 15.71 3.401 9.10241170148148 1.0 2.0 14.096435520740757 0.5 1.5 1.5 0.9 ; values
                   194000000   ; time in ddhhmmss
   15.0 5.907 3.47 7.762485122017621 1.0 2.0 5.495764877982378 0.5 1.5 1.5 0.9 ; values
                   195000000   ; time in ddhhmmss
   15.0 5.115 3.287 8.730985020446346 1.0 2.0 0.0 0.5 1.5 1.5 0.9 ; values
                   196000000   ; time in ddhhmmss
   15.0 3.6 2.143 8.817650065832332 1.0 2.0 0.0 0.5 1.5 1.5 0.9 ; values
                   197000000   ; time in ddhhmmss
   15.0 2.851 1.31 9.0 1.0 2.0 0.0 0.5 1.5 1.5 0.9 ; values
                   198000000   ; time in ddhhmmss
   15.0 4.244 3.001 9.0 1.0 2.0 0.0 0.5 1.5 1.5 0.9 ; values
                   199000000   ; time in ddhhmmss
   15.0 2.366 1.673 9.0 1.0 2.0 0.0 0.5 1.5 1.5 0.9 ; values
                   200000000   ; time in ddhhmmss
   15.0 3.573 3.399 9.0 1.0 2.0 0.0 0.5 1.5 1.5 0.9 ; values
                   201000000   ; time in ddhhmmss
   15.0 5.679 3.931 9.0 1.0 2.0 0.0 0.5 1.5 1.5 0.9 ; values
                   202000000   ; time in ddhhmmss
   15.0 4.327 2.997 9.0 1.0 2.0 0.0 0.5 1.5 1.5 0.9 ; values
                   203000000   ; time in ddhhmmss
   15.0 5.057 2.679 7.4210683464814835 1.0 2.0 0.0 0.5 1.5 1.5 0.9 ; values
                   204000000   ; time in ddhhmmss
   15.0 7.881 4.398 8.050295062695472 1.0 2.0 0.0 0.5 1.5 1.5 0.9 ; values
                   205000000   ; time in ddhhmmss
   15.0 5.312 1.342 9.0 1.0 2.0 0.0 0.5 1.5 1.5 0.9 ; values
                   206000000   ; time in ddhhmmss
   15.0 1.361 2.213 8.300565216708996 1.0 2.0 0.0 0.5 1.5 1.5 0.9 ; values
                   207000000   ; time in ddhhmmss
   15.0 2.139 1.393 8.585601396314818 1.0 2.0 0.0 0.5 1.5 1.5 0.9 ; values
                   208000000   ; time in ddhhmmss
   15.0 1.581 0.999 8.355123847129633 1.0 2.0 0.0 0.5 1.5 1.5 0.9 ; values
                   209000000   ; time in ddhhmmss
   15.0 5.337 3.001 8.88693298681818 1.0 2.0 0.0 0.5 1.5 1.5 0.9 ; values
                   210000000   ; time in ddhhmmss
   15.0 4.345 2.043 8.880641467336408 1.0 2.0 0.0 0.5 1.5 1.5 0.9 ; values
                   211000000   ; time in ddhhmmss
   15.0 5.068 2.399 8.67256878487433 1.0 2.0 2.295461323880541 0.5 1.5 1.5 0.9 ; values
                   212000000   ; time in ddhhmmss
   15.0 3.34 1.477 8.965745962785896 1.0 2.0 0.421161444621513 0.5 1.5 1.5 0.9 ; values
                   213000000   ; time in ddhhmmss
   15.0 2.034 1.584 8.316214063981482 1.0 2.0 0.5603507508333312 0.5 1.5 1.5 0.9 ; values
                   214000000   ; time in ddhhmmss
   15.0 2.599 0.869 8.337733577509258 1.0 2.0 0.0 0.5 1.5 1.5 0.9 ; values
                   215000000   ; time in ddhhmmss
   15.0 7.188 3.66 9.208223618531836 1.0 2.0 5.772126137292233 0.5 1.5 1.5 0.9 ; values
                   216000000   ; time in ddhhmmss
   15.0 7.909 4.025 9.870442646372489 1.0 2.0 6.564599020294176 0.5 1.5 1.5 0.9 ; values
                   217000000   ; time in ddhhmmss
   15.0 8.902 4.777 10.929210950377104 1.0 2.0 7.2508307162895695 0.5 1.5 1.5 0.9 ; values
                   218000000   ; time in ddhhmmss
   15.0 6.432 3.579 8.436950456968574 1.0 2.0 6.419419913401794 0.5 1.5 1.5 0.9 ; values
                   219000000   ; time in ddhhmmss
   15.0 3.759 1.787 8.912880301042328 1.0 2.0 2.373744698957668 0.5 1.5 1.5 0.9 ; values
                   220000000   ; time in ddhhmmss
   15.0 3.924 1.962 8.774613524869194 1.0 2.0 2.0944883269826566 0.5 1.5 1.5 0.9 ; values
                   221000000   ; time in ddhhmmss
   15.0 4.796 3.185 9.189922829736629 1.0 2.0 3.429850318411517 0.5 1.5 1.5 0.9 ; values
                   222000000   ; time in ddhhmmss
   15.0 5.305 2.715 8.335048132407408 1.0 2.0 4.8746509416666655 0.5 1.5 1.5 0.9 ; values
                   223000000   ; time in ddhhmmss
   15.0 5.077 2.03 6.566785609259259 1.0 2.0 5.247853279629628 0.5 1.5 1.5 0.9 ; values
                   224000000   ; time in ddhhmmss
   15.0 5.478 2.571 9.337764187154152 1.0 2.0 3.832069146179184 0.5 1.5 1.5 0.9 ; values
                   225000000   ; time in ddhhmmss
   15.0 3.308 2.192 9.857203852568068 1.0 2.0 0.7636294807652648 0.5 1.5 1.5 0.9 ; values
                   226000000   ; time in ddhhmmss
   15.0 3.667 1.901 9.848601895525052 1.0 2.0 0.4959027341045789 0.5 1.5 1.5 0.9 ; values
                   227000000   ; time in ddhhmmss
   15.0 3.411 1.722 9.130558373155909 1.0 2.0 1.0544092194366863 0.5 1.5 1.5 0.9 ; values
                   228000000   ; time in ddhhmmss
   15.0 3.999 2.787 9.91104309555978 1.0 2.0 3.648568015551327 0.5 1.5 1.5 0.9 ; values
                   229000000   ; time in ddhhmmss
   15.0 4.288 2.788 8.791771829814817 1.0 2.0 4.472480484999997 0.5 1.5 1.5 0.9 ; values
                   230000000   ; time in ddhhmmss
   15.0 6.277 3.549 9.161443731978338 1.0 2.0 5.923121082836475 0.5 1.5 1.5 0.9 ; values
                   231000000   ; time in ddhhmmss
   15.0 6.378 2.91 9.947758860614258 1.0 2.0 4.874268917163522 0.5 1.5 1.5 0.9 ; values
                   232000000   ; time in ddhhmmss
   15.0 4.835 2.923 8.710345216071829 1.0 2.0 4.443951080224466 0.5 1.5 1.5 0.9 ; values
                   233000000   ; time in ddhhmmss
   15.0 3.051 1.809 8.475621179520765 1.0 2.0 3.157989931590349 0.5 1.5 1.5 0.9 ; values
                   234000000   ; time in ddhhmmss
   15.0 1.91 1.398 8.389519253925926 1.0 2.0 1.141165931259259 0.5 1.5 1.5 0.9 ; values
                   235000000   ; time in ddhhmmss
   15.0 5.205 2.353 8.868510499644621 1.0 2.0 5.118771907762787 0.5 1.5 1.5 0.9 ; values
                   236000000   ; time in ddhhmmss
   15.0 4.647 2.618 8.211009983873899 1.0 2.0 4.725749275385358 0.5 1.5 1.5 0.9 ; values
                   237000000   ; time in ddhhmmss
   15.0 4.048 1.605 7.928365704814813 1.0 2.0 2.9831991100000046 0.5 1.5 1.5 0.9 ; values
                   238000000   ; time in ddhhmmss
   15.0 5.406 2.905 8.950066383222222 1.0 2.0 5.377021579740743 0.5 1.5 1.5 0.9 ; values
                   239000000   ; time in ddhhmmss
   15.0 3.602 1.26 8.659740228346344 1.0 2.0 7.452144030912923 0.5 1.5 1.5 0.9 ; values
                   240000000   ; time in ddhhmmss
   15.0 4.191 2.199 8.910514125203036 1.0 2.0 14.686256708130298 0.5 1.5 1.5 0.9 ; values
                   241000000   ; time in ddhhmmss
   15.0 4.897 2.42 8.417215680077323 1.0 2.0 6.465351449552307 0.5 1.5 1.5 0.9 ; values
                   242000000   ; time in ddhhmmss
   15.0 8.324 4.055 9.362933268614036 1.0 2.0 12.854203305460038 0.5 1.5 1.5 0.9 ; values
                   243000000   ; time in ddhhmmss
   15.0 6.121 3.343 10.199285028648148 1.0 2.0 15.300768212092596 0.5 1.5 1.5 0.9 ; values
                   244000000   ; time in ddhhmmss
   15.0 4.926 2.266 8.869344844814817 1.0 2.0 4.889669044074068 0.5 1.5 1.5 0.9 ; values
                   245000000   ; time in ddhhmmss
   15.0 3.734 1.884 8.240002276000002 1.0 2.0 2.70542827955555 0.5 1.5 1.5 0.9 ; values
                   246000000   ; time in ddhhmmss
   15.0 1.656 1.071 8.691375777685376 1.0 2.0 0.0 0.5 1.5 1.5 0.9 ; values
                   247000000   ; time in ddhhmmss
   15.0 3.392 2.132 9.462237282441368 1.0 2.0 1.09657675468807 0.5 1.5 1.5 0.9 ; values
                   248000000   ; time in ddhhmmss
   15.0 4.816 1.808 8.55159849533622 1.0 2.0 5.775700115774889 0.5 1.5 1.5 0.9 ; values
                   249000000   ; time in ddhhmmss
   15.0 4.873 3.037 9.249243485185184 1.0 2.0 5.090038922222223 0.5 1.5 1.5 0.9 ; values
                   250000000   ; time in ddhhmmss
   15.0 3.34 2.279 8.623988921740738 1.0 2.0 2.873367559740743 0.5 1.5 1.5 0.9 ; values
                   251000000   ; time in ddhhmmss
   15.0 10.08 5.381 9.342430081833331 1.0 2.0 14.889287510759257 0.5 1.5 1.5 0.9 ; values
                   252000000   ; time in ddhhmmss
   15.0 6.623 3.405 11.145778134333332 1.0 2.0 21.77041631011112 0.5 1.5 1.5 0.9 ; values
                   253000000   ; time in ddhhmmss
   15.0 4.489 2.589 8.143926363617991 1.0 2.0 5.225624562307929 0.5 1.5 1.5 0.9 ; values
                   254000000   ; time in ddhhmmss
   15.0 7.234 1.829 9.183265309428783 1.0 2.0 10.544260153534182 0.5 1.5 1.5 0.9 ; values
                   255000000   ; time in ddhhmmss
   15.0 7.767 2.815 9.60126322362123 1.0 2.0 7.306720572675072 0.5 1.5 1.5 0.9 ; values
                   256000000   ; time in ddhhmmss
   15.0 25.792 9.238 9.990956210739403 1.0 2.0 30.607504437408743 0.5 1.5 1.5 0.9 ; values
                   257000000   ; time in ddhhmmss
   15.0 53.768 12.521 30.251182257814808 1.0 2.0 41.84730848292593 0.5 1.5 1.5 0.9 ; values
                   258000000   ; time in ddhhmmss
   15.0 29.664 7.902 25.99795156461111 1.0 2.0 17.44640491687038 0.5 1.5 1.5 0.9 ; values
                   259000000   ; time in ddhhmmss
   15.0 16.48 3.526 25.815490740740746 1.0 2.0 0.0 0.5 1.5 1.5 0.9 ; values
                   260000000   ; time in ddhhmmss
   15.0 10.144 1.974 17.78975925925926 1.0 2.0 0.0 0.5 1.5 1.5 0.9 ; values
                   261000000   ; time in ddhhmmss
   15.0 10.412 2.125 18.41535648148148 1.0 2.0 0.0 0.5 1.5 1.5 0.9 ; values
                   262000000   ; time in ddhhmmss
   15.0 7.906 1.362 15.077490740740748 1.0 2.0 0.0 0.5 1.5 1.5 0.9 ; values
                   263000000   ; time in ddhhmmss
   15.0 4.965 1.05 11.824490740740746 1.0 2.0 0.0 0.5 1.5 1.5 0.9 ; values
                   264000000   ; time in ddhhmmss
   15.0 5.649 0.702 18.702736111111108 1.0 2.0 0.0 0.5 1.5 1.5 0.9 ; values
                   265000000   ; time in ddhhmmss
   15.0 4.774 1.043 14.828747685185192 1.0 2.0 0.0 0.5 1.5 1.5 0.9 ; values
                   266000000   ; time in ddhhmmss
   15.0 4.722 0.919 12.276879629629631 1.0 2.0 0.0 0.5 1.5 1.5 0.9 ; values
                   267000000   ; time in ddhhmmss
   15.0 3.467 0.987 10.40122222222222 1.0 2.0 0.0 0.5 1.5 1.5 0.9 ; values
                   268000000   ; time in ddhhmmss
   15.0 3.029 0.729 10.187282407407402 1.0 2.0 0.0 0.5 1.5 1.5 0.9 ; values
                   269000000   ; time in ddhhmmss
   15.0 3.558 0.927 11.53407407407407 1.0 2.0 0.0 0.5 1.5 1.5 0.9 ; values
                   270000000   ; time in ddhhmmss
   15.0 2.618 0.896 17.036453703703707 1.0 2.0 0.0 0.5 1.5 1.5 0.9 ; values
                   271000000   ; time in ddhhmmss
   15.0 3.801 1.922 14.183821759259269 1.0 2.0 0.0 0.5 1.5 1.5 0.9 ; values
                   272000000   ; time in ddhhmmss
   15.0 4.84 1.43 12.561550925925925 1.0 2.0 0.0 0.5 1.5 1.5 0.9 ; values
                   273000000   ; time in ddhhmmss
   15.0 3.109 1.212 22.870652777777785 1.0 2.0 0.0 0.5 1.5 1.5 0.9 ; values
                   274000000   ; time in ddhhmmss
   15.0 2.383 0.749 10.043342592592587 1.0 2.0 0.0 0.5 1.5 1.5 0.9 ; values
                   275000000   ; time in ddhhmmss
   15.0 4.089 -0.027 12.212925925925926 1.0 2.0 0.0 0.5 1.5 1.5 0.9 ; values
                   276000000   ; time in ddhhmmss
   15.0 2.598 1.205 11.919493055555556 1.0 2.0 0.0 0.5 1.5 1.5 0.9 ; values
                   277000000   ; time in ddhhmmss
   15.0 7.051 0.046 22.134500000000003 1.0 2.0 0.0 0.5 1.5 1.5 0.9 ; values
                   278000000   ; time in ddhhmmss
   15.0 7.581 -0.109 19.41054166666667 1.0 2.0 0.0 0.5 1.5 1.5 0.9 ; values
                   279000000   ; time in ddhhmmss
   15.0 7.018 1.615 21.811125 1.0 2.0 0.0 0.5 1.5 1.5 0.9 ; values
                   280000000   ; time in ddhhmmss
   15.0 14.741 1.141 28.375431287851853 1.0 2.0 1.5455154714074055 0.5 1.5 1.5 0.9 ; values
                   281000000   ; time in ddhhmmss
   15.0 11.062 1.141 19.28650694444444 1.0 2.0 0.0 0.5 1.5 1.5 0.9 ; values
                   282000000   ; time in ddhhmmss
   15.0 7.149 1.141 15.580104166666668 1.0 2.0 0.0 0.5 1.5 1.5 0.9 ; values
                   283000000   ; time in ddhhmmss
   15.0 6.241 1.141 14.431074074074084 1.0 2.0 0.0 0.5 1.5 1.5 0.9 ; values
                   284000000   ; time in ddhhmmss
   15.0 6.04 1.141 13.679148148148144 1.0 2.0 0.0 0.5 1.5 1.5 0.9 ; values
                   285000000   ; time in ddhhmmss
   15.0 4.568 1.141 12.551476851851843 1.0 2.0 0.0 0.5 1.5 1.5 0.9 ; values
                   286000000   ; time in ddhhmmss
   15.0 4.563 1.141 12.133282407407416 1.0 2.0 0.0 0.5 1.5 1.5 0.9 ; values
                   287000000   ; time in ddhhmmss
   15.0 3.945 1.141 11.584148148148142 1.0 2.0 0.0 0.5 1.5 1.5 0.9 ; values
                   288000000   ; time in ddhhmmss
   15.0 2.163 1.141 9.802148148148156 1.0 2.0 0.0 0.5 1.5 1.5 0.9 ; values
                   289000000   ; time in ddhhmmss
   15.0 3.617 1.141 11.325013888888892 1.0 2.0 0.0 0.5 1.5 1.5 0.9 ; values
                   290000000   ; time in ddhhmmss
   15.0 3.103 1.141 10.948745370370364 1.0 2.0 0.0 0.5 1.5 1.5 0.9 ; values
                   291000000   ; time in ddhhmmss
   15.0 3.236 1.141 11.150611111111116 1.0 2.0 0.0 0.5 1.5 1.5 0.9 ; values
                   292000000   ; time in ddhhmmss
   15.0 2.832 1.141 10.81547685185184 1.0 2.0 0.0 0.5 1.5 1.5 0.9 ; values
                   293000000   ; time in ddhhmmss
   15.0 4.229 1.141 12.55680555555556 1.0 2.0 0.0 0.5 1.5 1.5 0.9 ; values
                   294000000   ; time in ddhhmmss
   15.0 6.664 1.141 14.716342592592584 1.0 2.0 0.0 0.5 1.5 1.5 0.9 ; values
                   295000000   ; time in ddhhmmss
   15.0 9.987 1.141 17.970476851851856 1.0 2.0 0.0 0.5 1.5 1.5 0.9 ; values
                   296000000   ; time in ddhhmmss
   15.0 7.985 1.141 18.619807870370373 1.0 2.0 0.0 0.5 1.5 1.5 0.9 ; values
                   297000000   ; time in ddhhmmss
   15.0 -2.684 1.141 9.05265972222223 1.0 2.0 0.0 0.5 1.5 1.5 0.9 ; values
                   298000000   ; time in ddhhmmss
   15.0 5.135 0.667 17.017451388888887 1.0 2.0 0.0 0.5 1.5 1.5 0.9 ; values
                   299000000   ; time in ddhhmmss
   15.0 4.922 -0.24 11.52447685185185 1.0 2.0 0.0 0.5 1.5 1.5 0.9 ; values
                   300000000   ; time in ddhhmmss
   15.0 3.94 0.686 11.537342592592594 1.0 2.0 0.0 0.5 1.5 1.5 0.9 ; values
                   301000000   ; time in ddhhmmss
   15.0 9.521 -0.939 15.97540277777778 1.0 2.0 0.0 0.5 1.5 1.5 0.9 ; values
                   302000000   ; time in ddhhmmss
   15.0 4.685 0.131 12.27826851851852 1.0 2.0 0.0 0.5 1.5 1.5 0.9 ; values
                   303000000   ; time in ddhhmmss
   15.0 3.821 0.519 19.0331712962963 1.0 2.0 0.0 0.5 1.5 1.5 0.9 ; values
                   304000000   ; time in ddhhmmss
   15.0 3.516 0.767 12.468358796296291 1.0 2.0 0.0 0.5 1.5 1.5 0.9 ; values
                   305000000   ; time in ddhhmmss
   15.0 3.826 0.48 13.489912037037035 1.0 2.0 0.0 0.5 1.5 1.5 0.9 ; values
                   306000000   ; time in ddhhmmss
   15.0 2.726 0.255 13.129032407407408 1.0 2.0 0.0 0.5 1.5 1.5 0.9 ; values
                   307000000   ; time in ddhhmmss
   15.0 3.113 0.955 11.392537037037034 1.0 2.0 0.0 0.5 1.5 1.5 0.9 ; values
                   308000000   ; time in ddhhmmss
   15.0 7.331 1.256 15.636074074074076 1.0 2.0 0.0 0.5 1.5 1.5 0.9 ; values
                   309000000   ; time in ddhhmmss
   15.0 6.908 1.008 14.827342592592595 1.0 2.0 0.0 0.5 1.5 1.5 0.9 ; values
                   310000000   ; time in ddhhmmss
   15.0 5.738 1.424 14.142208333333327 1.0 2.0 0.0 0.5 1.5 1.5 0.9 ; values
                   311000000   ; time in ddhhmmss
   15.0 5.201 1.012 13.262074074074077 1.0 2.0 0.0 0.5 1.5 1.5 0.9 ; values
                   312000000   ; time in ddhhmmss
   15.0 4.393 0.089 11.599939814814814 1.0 2.0 0.0 0.5 1.5 1.5 0.9 ; values
                   313000000   ; time in ddhhmmss
   15.0 5.373 -0.449 12.248537037037035 1.0 2.0 0.0 0.5 1.5 1.5 0.9 ; values
                   314000000   ; time in ddhhmmss
   15.0 6.15 0.904 14.3096712962963 1.0 2.0 0.0 0.5 1.5 1.5 0.9 ; values
                   315000000   ; time in ddhhmmss
   15.0 7.869 1.401 18.729375 1.0 2.0 0.0 0.5 1.5 1.5 0.9 ; values
                   316000000   ; time in ddhhmmss
   15.0 11.335 2.504 20.956939814814817 1.0 2.0 0.0 0.5 1.5 1.5 0.9 ; values
                   317000000   ; time in ddhhmmss
   15.0 9.081 2.53 18.93553703703704 1.0 2.0 0.0 0.5 1.5 1.5 0.9 ; values
                   318000000   ; time in ddhhmmss
   15.0 7.397 1.468 16.1206712962963 1.0 2.0 0.0 0.5 1.5 1.5 0.9 ; values
                   319000000   ; time in ddhhmmss
   15.0 5.627 1.054 18.61954166666667 1.0 2.0 0.0 0.5 1.5 1.5 0.9 ; values
                   320000000   ; time in ddhhmmss
   15.0 6.006 1.613 15.97652314814814 1.0 2.0 0.0 0.5 1.5 1.5 0.9 ; values
                   321000000   ; time in ddhhmmss
   15.0 6.911 1.42 16.41306018518519 1.0 2.0 0.0 0.5 1.5 1.5 0.9 ; values
                   322000000   ; time in ddhhmmss
   15.0 8.429 0.665 16.48740277777779 1.0 2.0 0.0 0.5 1.5 1.5 0.9 ; values
                   323000000   ; time in ddhhmmss
   15.0 6.112 1.828 15.471134259259252 1.0 2.0 0.0 0.5 1.5 1.5 0.9 ; values
                   324000000   ; time in ddhhmmss
   15.0 11.69 1.715 21.900254629629632 1.0 2.0 0.0 0.5 1.5 1.5 0.9 ; values
                   325000000   ; time in ddhhmmss
   15.0 11.0 2.429 23.23270370370371 1.0 2.0 0.0 0.5 1.5 1.5 0.9 ; values
                   326000000   ; time in ddhhmmss
   15.0 8.766 1.576 23.933319444444447 1.0 2.0 0.0 0.5 1.5 1.5 0.9 ; values
                   327000000   ; time in ddhhmmss
   15.0 10.123 2.129 25.05136342592592 1.0 2.0 0.0 0.5 1.5 1.5 0.9 ; values
                   328000000   ; time in ddhhmmss
   15.0 9.534 2.294 19.152537037037035 1.0 2.0 0.0 0.5 1.5 1.5 0.9 ; values
                   329000000   ; time in ddhhmmss
   15.0 11.199 2.834 23.59567361111112 1.0 2.0 0.0 0.5 1.5 1.5 0.9 ; values
                   330000000   ; time in ddhhmmss
   15.0 16.674 4.838 28.76767129629629 1.0 2.0 0.0 0.5 1.5 1.5 0.9 ; values
                   331000000   ; time in ddhhmmss
   15.0 33.143 8.48 31.2332734690614 1.0 2.0 17.645397827234902 0.5 1.5 1.5 0.9 ; values
                   332000000   ; time in ddhhmmss
   15.0 21.847 4.628 32.512151071160815 1.0 2.0 2.148207725135484 0.5 1.5 1.5 0.9 ; values
                   333000000   ; time in ddhhmmss
   15.0 16.594 4.048 29.03353030183857 1.0 2.0 2.100830809272544 0.5 1.5 1.5 0.9 ; values
                   334000000   ; time in ddhhmmss
   15.0 18.215 4.675 30.63864829919846 1.0 2.0 6.56576142302376 0.5 1.5 1.5 0.9 ; values
                   335000000   ; time in ddhhmmss
   15.0 15.675 4.274 27.34240277777778 1.0 2.0 0.0 0.5 1.5 1.5 0.9 ; values
                   336000000   ; time in ddhhmmss
   15.0 11.987 3.511 22.96026851851852 1.0 2.0 0.0 0.5 1.5 1.5 0.9 ; values
                   337000000   ; time in ddhhmmss
   15.0 10.279 2.498 20.308134259259266 1.0 2.0 0.0 0.5 1.5 1.5 0.9 ; values
                   338000000   ; time in ddhhmmss
   15.0 9.023 1.977 18.53113425925926 1.0 2.0 0.0 0.5 1.5 1.5 0.9 ; values
                   339000000   ; time in ddhhmmss
   15.0 8.868 1.739 18.207000000000004 1.0 2.0 0.0 0.5 1.5 1.5 0.9 ; values
                   340000000   ; time in ddhhmmss
   15.0 10.286 2.825 20.366671296296296 1.0 2.0 0.0 0.5 1.5 1.5 0.9 ; values
                   341000000   ; time in ddhhmmss
   15.0 15.644 3.026 25.99453703703704 1.0 2.0 0.0 0.5 1.5 1.5 0.9 ; values
                   342000000   ; time in ddhhmmss
   15.0 15.546 2.494 25.36453703703704 1.0 2.0 0.0 0.5 1.5 1.5 0.9 ; values
                   343000000   ; time in ddhhmmss
   15.0 17.694 4.611 29.62953703703704 1.0 2.0 0.0 0.5 1.5 1.5 0.9 ; values
                   344000000   ; time in ddhhmmss
   15.0 42.568 7.892 28.50577423559259 1.0 2.0 32.584318357 0.5 1.5 1.5 0.9 ; values
                   345000000   ; time in ddhhmmss
   15.0 28.623 3.982 26.774992497839506 1.0 2.0 13.843201946604944 0.5 1.5 1.5 0.9 ; values
                   346000000   ; time in ddhhmmss
   15.0 41.356 8.189 28.138845653512345 1.0 2.0 44.01888582796914 0.5 1.5 1.5 0.9 ; values
                   347000000   ; time in ddhhmmss
   15.0 87.552 16.862 26.88120472272544 1.0 2.0 10.65601759107146 0.5 1.5 1.5 0.9 ; values
                   348000000   ; time in ddhhmmss
   15.0 65.496 11.193 25.111401469404186 1.0 2.0 19.92568804436948 0.5 1.5 1.5 0.9 ; values
                   349000000   ; time in ddhhmmss
   15.0 37.574 6.828 26.39952022037037 1.0 2.0 60.24194737222223 0.5 1.5 1.5 0.9 ; values
                   350000000   ; time in ddhhmmss
   15.0 35.866 6.502 29.490272273925928 1.0 2.0 54.70400087422223 0.5 1.5 1.5 0.9 ; values
                   351000000   ; time in ddhhmmss
   15.0 38.785 6.08 30.025165918462964 1.0 2.0 56.59724148894445 0.5 1.5 1.5 0.9 ; values
                   352000000   ; time in ddhhmmss
   15.0 28.625 4.849 27.95392097957407 1.0 2.0 26.51138293359614 0.5 1.5 1.5 0.9 ; values
                   353000000   ; time in ddhhmmss
   15.0 20.18 2.52 30.01445983972222 1.0 2.0 1.9383179380555609 0.5 1.5 1.5 0.9 ; values
                   354000000   ; time in ddhhmmss
   15.0 19.648 1.551 26.77044958847737 1.0 2.0 4.576582818930037 0.5 1.5 1.5 0.9 ; values
                   355000000   ; time in ddhhmmss
   15.0 19.924 1.052 28.288810267615823 1.0 2.0 5.555418899050848 0.5 1.5 1.5 0.9 ; values
                   356000000   ; time in ddhhmmss
   15.0 19.713 1.789 29.25981363276876 1.0 2.0 2.1147558116756864 0.5 1.5 1.5 0.9 ; values
                   357000000   ; time in ddhhmmss
   15.0 16.971 1.953 26.455134259259257 1.0 2.0 0.0 0.5 1.5 1.5 0.9 ; values
                   358000000   ; time in ddhhmmss
   15.0 14.588 1.552 23.84329861111111 1.0 2.0 0.0 0.5 1.5 1.5 0.9 ; values
                   359000000   ; time in ddhhmmss
   15.0 13.498 1.201 22.26456712962963 1.0 2.0 0.0 0.5 1.5 1.5 0.9 ; values
                   360000000   ; time in ddhhmmss
   15.0 14.35 1.562 24.372821759259264 1.0 2.0 0.0 0.5 1.5 1.5 0.9 ; values
                   361000000   ; time in ddhhmmss
   15.0 13.898 3.346 28.669767477944447 1.0 2.0 9.32758900353704 0.5 1.5 1.5 0.9 ; values
                   362000000   ; time in ddhhmmss
   15.0 10.127 3.875 21.73973148148149 1.0 2.0 0.0 0.5 1.5 1.5 0.9 ; values
                   363000000   ; time in ddhhmmss
   15.0 14.173 3.946 25.581268518518517 1.0 2.0 0.0 0.5 1.5 1.5 0.9 ; values
                   364000000   ; time in ddhhmmss
   15.0 26.309 10.541 13.42333449074074 1.0 2.0 30.95779976851852 0.5 1.5 1.5 0.9 ; values
                   365000000   ; time in ddhhmmss
   15.0 7.492 2.113 22.542094907407407 1.0 2.0 0.0 0.5 1.5 1.5 0.9 ; values
                   366000000   ; time in ddhhmmss
   15.0 7.492 1.705 22.13409490740741 1.0 2.0 0.0 0.5 1.5 1.5 0.9 ; values
                   367000000   ; time in ddhhmmss
   15.0 7.492 1.42 19.23219675925926 1.0 2.0 0.0 0.5 1.5 1.5 0.9 ; values
                   368000000   ; time in ddhhmmss
   15.0 7.492 0.322 15.27626851851852 1.0 2.0 0.0 0.5 1.5 1.5 0.9 ; values
                   369000000   ; time in ddhhmmss
   15.0 7.492 2.057 17.631060185185184 1.0 2.0 0.0 0.5 1.5 1.5 0.9 ; values
                   370000000   ; time in ddhhmmss
   15.0 7.492 1.829 17.60965740740741 1.0 2.0 0.0 0.5 1.5 1.5 0.9 ; values
                   371000000   ; time in ddhhmmss
   15.0 7.492 2.57 17.45540277777778 1.0 2.0 0.0 0.5 1.5 1.5 0.9 ; values
                   372000000   ; time in ddhhmmss
   15.0 7.492 2.302 17.049671296296296 1.0 2.0 0.0 0.5 1.5 1.5 0.9 ; values
                   373000000   ; time in ddhhmmss
   15.0 7.492 2.862 17.67853703703704 1.0 2.0 0.0 0.5 1.5 1.5 0.9 ; values
                   374000000   ; time in ddhhmmss
   15.0 7.492 4.478 19.53556712962963 1.0 2.0 0.0 0.5 1.5 1.5 0.9 ; values
                   375000000   ; time in ddhhmmss
   15.0 17.167 3.243 27.734537037037047 1.0 2.0 0.0 0.5 1.5 1.5 0.9 ; values
                   376000000   ; time in ddhhmmss
   15.0 18.208 3.236 28.645017954894914 1.0 2.0 0.1235190821421183 0.5 1.5 1.5 0.9 ; values
                   377000000   ; time in ddhhmmss
   15.0 67.952 14.909 28.583596174586564 1.0 2.0 39.48287372637081 0.5 1.5 1.5 0.9 ; values
                   378000000   ; time in ddhhmmss
   15.0 75.689 12.878 30.04073675744364 1.0 2.0 43.670718852958274 0.5 1.5 1.5 0.9 ; values
                   379000000   ; time in ddhhmmss
   15.0 48.068 9.616 26.088943503389693 1.0 2.0 60.97855099541481 0.5 1.5 1.5 0.9 ; values
                   380000000   ; time in ddhhmmss
   15.0 32.955 6.504 26.18867779048148 1.0 2.0 45.55524710676214 0.5 1.5 1.5 0.9 ; values
                   381000000   ; time in ddhhmmss
   15.0 19.687 3.743 30.75453703703704 1.0 2.0 0.0 0.5 1.5 1.5 0.9 ; values
                   382000000   ; time in ddhhmmss
   15.0 16.791 3.041 27.251831284808787 1.0 2.0 0.0768701040801037 0.5 1.5 1.5 0.9 ; values
                   383000000   ; time in ddhhmmss
   15.0 13.401 1.491 23.869314814814818 1.0 2.0 0.0 0.5 1.5 1.5 0.9 ; values
                   384000000   ; time in ddhhmmss
   15.0 12.625 2.037 26.46281018518519 1.0 2.0 0.0 0.5 1.5 1.5 0.9 ; values
                   385000000   ; time in ddhhmmss
   15.0 10.278 0.723 19.358523148148148 1.0 2.0 0.0 0.5 1.5 1.5 0.9 ; values
                   386000000   ; time in ddhhmmss
   15.0 8.36 1.879 18.424358796296296 1.0 2.0 0.0 0.5 1.5 1.5 0.9 ; values
                   387000000   ; time in ddhhmmss
   15.0 7.223 1.694 16.99906018518518 1.0 2.0 0.0 0.5 1.5 1.5 0.9 ; values
                   388000000   ; time in ddhhmmss
   15.0 7.15 1.793 16.129805555555556 1.0 2.0 0.0 0.5 1.5 1.5 0.9 ; values
                   389000000   ; time in ddhhmmss
   15.0 8.0 1.33 17.928553240740733 1.0 2.0 0.0 0.5 1.5 1.5 0.9 ; values
                   390000000   ; time in ddhhmmss
   15.0 6.961 1.616 18.518435185185183 1.0 2.0 0.0 0.5 1.5 1.5 0.9 ; values
                   391000000   ; time in ddhhmmss
   15.0 7.119 0.199 14.642537037037044 1.0 2.0 0.0 0.5 1.5 1.5 0.9 ; values
                   392000000   ; time in ddhhmmss
   15.0 7.009 0.681 18.42339120370371 1.0 2.0 0.0 0.5 1.5 1.5 0.9 ; values
                   393000000   ; time in ddhhmmss
   15.0 7.354 1.891 24.14476851851851 1.0 2.0 0.0 0.5 1.5 1.5 0.9 ; values
                   394000000   ; time in ddhhmmss
   15.0 17.032 3.839 27.912752314814817 1.0 2.0 11.40460185185185 0.5 1.5 1.5 0.9 ; values
                   395000000   ; time in ddhhmmss
   15.0 16.488 3.326 29.13564351851852 1.0 2.0 0.0 0.5 1.5 1.5 0.9 ; values
                   396000000   ; time in ddhhmmss
   15.0 13.115 3.381 26.8850625 1.0 2.0 0.0 0.5 1.5 1.5 0.9 ; values
                   397000000   ; time in ddhhmmss
   15.0 12.362 3.221 24.28485185185186 1.0 2.0 0.0 0.5 1.5 1.5 0.9 ; values
                   398000000   ; time in ddhhmmss
   15.0 11.203 2.251 20.709671296296293 1.0 2.0 0.0 0.5 1.5 1.5 0.9 ; values
                   399000000   ; time in ddhhmmss
   15.0 10.083 2.46 23.138659722222226 1.0 2.0 0.0 0.5 1.5 1.5 0.9 ; values
                   400000000   ; time in ddhhmmss
   15.0 14.691 2.926 28.078592148088624 1.0 2.0 2.61323424080027 0.5 1.5 1.5 0.9 ; values
                   401000000   ; time in ddhhmmss
   15.0 13.33 2.528 23.561298611111116 1.0 2.0 0.0 0.5 1.5 1.5 0.9 ; values
                   402000000   ; time in ddhhmmss
   15.0 11.032 2.603 22.233553240740743 1.0 2.0 0.0 0.5 1.5 1.5 0.9 ; values
                   403000000   ; time in ddhhmmss
   15.0 11.692 2.766 21.920268518518515 1.0 2.0 0.0 0.5 1.5 1.5 0.9 ; values
                   404000000   ; time in ddhhmmss
   15.0 11.342 2.369 21.379865740740744 1.0 2.0 0.0 0.5 1.5 1.5 0.9 ; values
                   405000000   ; time in ddhhmmss
   15.0 8.431 1.691 17.30880555555556 1.0 2.0 0.0 0.5 1.5 1.5 0.9 ; values
                   406000000   ; time in ddhhmmss
   15.0 10.008 1.774 18.89993981481481 1.0 2.0 0.0 0.5 1.5 1.5 0.9 ; values
                   407000000   ; time in ddhhmmss
   15.0 10.558 2.212 20.23226851851851 1.0 2.0 0.0 0.5 1.5 1.5 0.9 ; values
                   408000000   ; time in ddhhmmss
   15.0 8.42 2.054 17.454208333333344 1.0 2.0 0.0 0.5 1.5 1.5 0.9 ; values
                   409000000   ; time in ddhhmmss
   15.0 8.592 2.47 18.042208333333324 1.0 2.0 0.0 0.5 1.5 1.5 0.9 ; values
                   410000000   ; time in ddhhmmss
   15.0 5.39 1.238 14.021402777777784 1.0 2.0 0.0 0.5 1.5 1.5 0.9 ; values
                   411000000   ; time in ddhhmmss
   15.0 6.915 0.664 14.55920833333333 1.0 2.0 0.0 0.5 1.5 1.5 0.9 ; values
                   412000000   ; time in ddhhmmss
   15.0 8.488 0.688 16.087342592592588 1.0 2.0 0.0 0.5 1.5 1.5 0.9 ; values
                   413000000   ; time in ddhhmmss
   15.0 7.587 1.817 16.3153425925926 1.0 2.0 0.0 0.5 1.5 1.5 0.9 ; values
                   414000000   ; time in ddhhmmss
   15.0 7.401 1.019 15.26247685185185 1.0 2.0 0.0 0.5 1.5 1.5 0.9 ; values
                   415000000   ; time in ddhhmmss
   15.0 7.213 0.874 14.929476851851854 1.0 2.0 0.0 0.5 1.5 1.5 0.9 ; values
                   416000000   ; time in ddhhmmss
   15.0 9.902 -0.135 16.60947685185186 1.0 2.0 0.0 0.5 1.5 1.5 0.9 ; values
                   417000000   ; time in ddhhmmss
   15.0 14.535 1.829 23.206476851851853 1.0 2.0 0.0 0.5 1.5 1.5 0.9 ; values
                   418000000   ; time in ddhhmmss
   15.0 66.693 11.455 31.951474358409463 1.0 2.0 52.90127101196091 0.5 1.5 1.5 0.9 ; values
                   419000000   ; time in ddhhmmss
   15.0 63.034 10.458 28.849923778333338 1.0 2.0 51.415687332777765 0.5 1.5 1.5 0.9 ; values
                   420000000   ; time in ddhhmmss
   15.0 32.481 6.271 29.396602321111107 1.0 2.0 15.99127730851852 0.5 1.5 1.5 0.9 ; values
                   421000000   ; time in ddhhmmss
   15.0 24.407 4.353 29.266200421296293 1.0 2.0 6.439575041666672 0.5 1.5 1.5 0.9 ; values
                   422000000   ; time in ddhhmmss
   15.0 26.634 4.772 30.81876672805724 1.0 2.0 7.36084438305387 0.5 1.5 1.5 0.9 ; values
                   423000000   ; time in ddhhmmss
   15.0 45.461 8.123 30.966673678331645 1.0 2.0 32.28329854389059 0.5 1.5 1.5 0.9 ; values
                   424000000   ; time in ddhhmmss
   15.0 59.513 12.559 30.400283562572984 1.0 2.0 14.012457178167764 0.5 1.5 1.5 0.9 ; values
                   425000000   ; time in ddhhmmss
   15.0 48.549 8.597 30.07459667349781 1.0 2.0 30.16069730798367 0.5 1.5 1.5 0.9 ; values
                   426000000   ; time in ddhhmmss
   15.0 29.624 4.834 29.03830752907323 1.0 2.0 12.193303582037872 0.5 1.5 1.5 0.9 ; values
                   427000000   ; time in ddhhmmss
   15.0 22.985 3.593 31.66373531649508 1.0 2.0 2.8930262575790007 0.5 1.5 1.5 0.9 ; values
                   428000000   ; time in ddhhmmss
   15.0 25.837 3.66 30.35611167699051 1.0 2.0 6.327693878565039 0.5 1.5 1.5 0.9 ; values
                   429000000   ; time in ddhhmmss
   15.0 32.691 4.184 28.641833230188627 1.0 2.0 15.729868158700269 0.5 1.5 1.5 0.9 ; values
                   430000000   ; time in ddhhmmss
   15.0 31.298 3.553 30.066558280142058 1.0 2.0 13.210830608746836 0.5 1.5 1.5 0.9 ; values
                   431000000   ; time in ddhhmmss
   15.0 35.6 6.602 25.861176968632275 1.0 2.0 24.629480438775136 0.5 1.5 1.5 0.9 ; values
                   432000000   ; time in ddhhmmss
   15.0 63.612 9.282 28.77241629614478 1.0 2.0 50.82632907422558 0.5 1.5 1.5 0.9 ; values
                   433000000   ; time in ddhhmmss
   15.0 37.867 6.144 28.135208024540404 1.0 2.0 22.7871345680522 0.5 1.5 1.5 0.9 ; values
                   434000000   ; time in ddhhmmss
   15.0 24.494 4.029 27.046650039185188 1.0 2.0 13.82808607192592 0.5 1.5 1.5 0.9 ; values
                   435000000   ; time in ddhhmmss
   15.0 19.83 3.184 24.058311893738978 1.0 2.0 6.073627921075834 0.5 1.5 1.5 0.9 ; values
                   436000000   ; time in ddhhmmss
   15.0 16.426 1.773 24.49055092592592 1.0 2.0 0.0 0.5 1.5 1.5 0.9 ; values
                   437000000   ; time in ddhhmmss
   15.0 12.838 1.687 20.74768518518519 1.0 2.0 0.0 0.5 1.5 1.5 0.9 ; values
                   438000000   ; time in ddhhmmss
   15.0 12.059 1.585 9.715616199971512 1.0 2.0 37.69736528150997 0.5 1.5 1.5 0.9 ; values
                   439000000   ; time in ddhhmmss
   15.0 10.238 1.576 10.255624489995038 1.0 2.0 7.781060695190147 0.5 1.5 1.5 0.9 ; values
                   440000000   ; time in ddhhmmss
   15.0 10.83 0.39 8.791302161459381 1.0 2.0 8.720248764466541 0.5 1.5 1.5 0.9 ; values
                   441000000   ; time in ddhhmmss
   15.0 23.255 1.904 10.126196020399178 1.0 2.0 21.530952127748968 0.5 1.5 1.5 0.9 ; values
                   442000000   ; time in ddhhmmss
   15.0 30.654 3.12 9.778520911063788 1.0 2.0 30.14929853338065 0.5 1.5 1.5 0.9 ; values
                   443000000   ; time in ddhhmmss
   15.0 26.01 2.87 8.020102260555557 1.0 2.0 27.358045887592592 0.5 1.5 1.5 0.9 ; values
                   444000000   ; time in ddhhmmss
   15.0 30.221 3.997 9.235834882492878 1.0 2.0 31.27371604343305 0.5 1.5 1.5 0.9 ; values
                   445000000   ; time in ddhhmmss
   15.0 19.927 3.355 9.98559849069231 1.0 2.0 19.31248947227065 0.5 1.5 1.5 0.9 ; values
                   446000000   ; time in ddhhmmss
   15.0 17.443 3.478 8.810349089481482 1.0 2.0 18.05787313274074 0.5 1.5 1.5 0.9 ; values
                   447000000   ; time in ddhhmmss
   15.0 10.492 2.68 9.89358964827778 1.0 2.0 9.363364055425924 0.5 1.5 1.5 0.9 ; values
                   448000000   ; time in ddhhmmss
   15.0 13.432 2.774 10.428551591703702 1.0 2.0 11.931267852740742 0.5 1.5 1.5 0.9 ; values
                   449000000   ; time in ddhhmmss
   15.0 10.175 2.144 10.286209145370371 1.0 2.0 8.048878817592596 0.5 1.5 1.5 0.9 ; values
                   450000000   ; time in ddhhmmss
   15.0 6.956 1.313 10.090963031777775 1.0 2.0 4.331856412666669 0.5 1.5 1.5 0.9 ; values
                   451000000   ; time in ddhhmmss
   15.0 6.73 0.591 9.344956036074072 1.0 2.0 3.923266186148157 0.5 1.5 1.5 0.9 ; values
                   452000000   ; time in ddhhmmss
   15.0 7.555 0.364 9.13755316851235 1.0 2.0 5.761655164820984 0.5 1.5 1.5 0.9 ; values
                   453000000   ; time in ddhhmmss
   15.0 6.764 0.794 7.999157722820989 1.0 2.0 5.85039320310494 0.5 1.5 1.5 0.9 ; values
                   454000000   ; time in ddhhmmss
   15.0 6.759 1.099 8.92905613111111 1.0 2.0 5.013897572592595 0.5 1.5 1.5 0.9 ; values
                   455000000   ; time in ddhhmmss
   15.0 6.4 0.768 7.964225865148148 1.0 2.0 14.24127413485185 0.5 1.5 1.5 0.9 ; values
                   456000000   ; time in ddhhmmss
   15.0 7.663 0.622 6.195519675925926 1.0 2.0 11.514422453703698 0.5 1.5 1.5 0.9 ; values
                   457000000   ; time in ddhhmmss
   15.0 4.739 0.578 8.797028264062678 1.0 2.0 3.396881458159542 0.5 1.5 1.5 0.9 ; values
                   458000000   ; time in ddhhmmss
   15.0 4.952 0.549 9.784882706122508 1.0 2.0 2.6963256272108227 0.5 1.5 1.5 0.9 ; values
                   459000000   ; time in ddhhmmss
   15.0 4.776 -0.678 9.040609272929627 1.0 2.0 1.0734786900333393 0.5 1.5 1.5 0.9 ; values
                   460000000   ; time in ddhhmmss
   15.0 5.439 0.324 9.332151442093762 1.0 2.0 2.860130965313646 0.5 1.5 1.5 0.9 ; values
                   461000000   ; time in ddhhmmss
   15.0 4.44 0.072 10.318279907402534 1.0 2.0 0.0032108333382083 0.5 1.5 1.5 0.9 ; values
                   462000000   ; time in ddhhmmss
   15.0 4.883 0.64 8.782634358580248 1.0 2.0 2.6187221229012376 0.5 1.5 1.5 0.9 ; values
                   463000000   ; time in ddhhmmss
   15.0 5.238 1.544 10.065693049021606 1.0 2.0 3.0078578769043194 0.5 1.5 1.5 0.9 ; values
                   464000000   ; time in ddhhmmss
   15.0 4.289 -0.946 9.947924126657409 1.0 2.0 0.5818814288981449 0.5 1.5 1.5 0.9 ; values
                   465000000   ; time in ddhhmmss
   15.0 4.891 0.183 8.589814244185185 1.0 2.0 3.3266626076666648 0.5 1.5 1.5 0.9 ; values
                   466000000   ; time in ddhhmmss
   15.0 4.072 0.409 8.29440942977778 1.0 2.0 1.996081310962964 0.5 1.5 1.5 0.9 ; values
                   467000000   ; time in ddhhmmss
   15.0 5.472 -0.981 9.300452048111111 1.0 2.0 0.6557099889259311 0.5 1.5 1.5 0.9 ; values
                   468000000   ; time in ddhhmmss
   15.0 3.128 0.253 9.0 1.0 2.0 0.0 0.5 1.5 1.5 0.9 ; values
                   469000000   ; time in ddhhmmss
   15.0 4.831 -0.256 8.172903069571486 1.0 2.0 28.70879137487297 0.5 1.5 1.5 0.9 ; values
                   470000000   ; time in ddhhmmss
   15.0 5.274 -0.722 8.945946602366785 1.0 2.0 0.6580209902258025 0.5 1.5 1.5 0.9 ; values
                   471000000   ; time in ddhhmmss
   15.0 4.589 -0.323 8.19653070908876 1.0 2.0 1.1214368835038278 0.5 1.5 1.5 0.9 ; values
                   472000000   ; time in ddhhmmss
   15.0 4.752 0.447 9.188789622157032 1.0 2.0 1.1999094519170397 0.5 1.5 1.5 0.9 ; values
                   473000000   ; time in ddhhmmss
   15.0 2.538 0.762 9.622549645087544 1.0 2.0 0.2444642438013455 0.5 1.5 1.5 0.9 ; values
                   474000000   ; time in ddhhmmss
   15.0 3.024 1.074 8.795578559370373 1.0 2.0 0.9741806998888842 0.5 1.5 1.5 0.9 ; values
                   475000000   ; time in ddhhmmss
   15.0 3.582 -0.472 7.748455109833333 1.0 2.0 1.205468501277777 0.5 1.5 1.5 0.9 ; values
                   476000000   ; time in ddhhmmss
   15.0 4.192 -0.505 8.565361903592596 1.0 2.0 0.3113371704814791 0.5 1.5 1.5 0.9 ; values
                   477000000   ; time in ddhhmmss
   15.0 4.249 -0.354 9.084699074074075 1.0 2.0 0.0 0.5 1.5 1.5 0.9 ; values
                   478000000   ; time in ddhhmmss
   15.0 2.358 -0.039 9.0 1.0 2.0 0.0 0.5 1.5 1.5 0.9 ; values
                   479000000   ; time in ddhhmmss
   15.0 4.128 -1.225 11.127673574401708 1.0 2.0 0.2254606848575471 0.5 1.5 1.5 0.9 ; values
                   480000000   ; time in ddhhmmss
   15.0 2.744 -0.203 8.642847399635329 1.0 2.0 10.009958155920229 0.5 1.5 1.5 0.9 ; values
                   481000000   ; time in ddhhmmss
   15.0 2.19 -0.843 8.949240208962962 1.0 2.0 2.02929914288889 0.5 1.5 1.5 0.9 ; values
                   482000000   ; time in ddhhmmss
   15.0 3.408 -0.018 9.01044787887037 1.0 2.0 1.187596102611113 0.5 1.5 1.5 0.9 ; values
                   483000000   ; time in ddhhmmss
   15.0 2.976 1.363 7.945763523 1.0 2.0 2.650354532555553 0.5 1.5 1.5 0.9 ; values
                   484000000   ; time in ddhhmmss
   15.0 2.105 2.296 10.027816749333338 1.0 2.0 1.525555935851844 0.5 1.5 1.5 0.9 ; values
                   485000000   ; time in ddhhmmss
   15.0 0.57 1.502 8.814185778455027 1.0 2.0 0.857814221544971 0.5 1.5 1.5 0.9 ; values
                   486000000   ; time in ddhhmmss
   15.0 2.654 0.352 9.941482728119045 1.0 2.0 2.351727920029101 0.5 1.5 1.5 0.9 ; values
                   487000000   ; time in ddhhmmss
   15.0 3.287 1.336 8.042925457962962 1.0 2.0 1.8042064864814795 0.5 1.5 1.5 0.9 ; values
                   488000000   ; time in ddhhmmss
   15.0 3.565 1.688 9.36556998402814 1.0 2.0 0.3884716826385261 0.5 1.5 1.5 0.9 ; values
                   489000000   ; time in ddhhmmss
   15.0 2.356 0.894 8.777496908120007 1.0 2.0 2.898891980768885 0.5 1.5 1.5 0.9 ; values
                   490000000   ; time in ddhhmmss
   15.0 2.238 1.627 7.112326573592595 1.0 2.0 2.975358611592586 0.5 1.5 1.5 0.9 ; values
                   491000000   ; time in ddhhmmss
   15.0 3.074 -0.289 9.0 1.0 2.0 0.0 0.5 1.5 1.5 0.9 ; values
                   492000000   ; time in ddhhmmss
   15.0 1.691 -1.004 9.0 1.0 2.0 0.0 0.5 1.5 1.5 0.9 ; values
                   493000000   ; time in ddhhmmss
   15.0 2.053 0.452 9.0 1.0 2.0 0.0 0.5 1.5 1.5 0.9 ; values
                   494000000   ; time in ddhhmmss
   15.0 2.938 0.699 8.030762602185185 1.0 2.0 0.0 0.5 1.5 1.5 0.9 ; values
                   495000000   ; time in ddhhmmss
   15.0 2.045 0.763 8.779715695537035 1.0 2.0 1.790919850425936 0.5 1.5 1.5 0.9 ; values
                   496000000   ; time in ddhhmmss
   15.0 2.718 0.835 10.443155347905725 1.0 2.0 7.114358540983165 0.5 1.5 1.5 0.9 ; values
                   497000000   ; time in ddhhmmss
   15.0 5.471 0.934 7.986430715353536 1.0 2.0 4.813418821683506 0.5 1.5 1.5 0.9 ; values
                   498000000   ; time in ddhhmmss
   15.0 2.561 -0.21 8.685593585493539 1.0 2.0 3.0214828033953496 0.5 1.5 1.5 0.9 ; values
                   499000000   ; time in ddhhmmss
   15.0 1.719 0.08 9.8596752232472 1.0 2.0 25.26067894341946 0.5 1.5 1.5 0.9 ; values
                   500000000   ; time in ddhhmmss
   15.0 -4.856 0.3635 9.0 1.0 2.0 0.0 0.5 1.5 1.5 0.9 ; values
                   501000000   ; time in ddhhmmss
   15.0 3.013 0.647 9.0 1.0 2.0 0.0 0.5 1.5 1.5 0.9 ; values
                   502000000   ; time in ddhhmmss
   15.0 7.264 1.212 9.317699836321198 1.0 2.0 2.8503372007158347 0.5 1.5 1.5 0.9 ; values
                   503000000   ; time in ddhhmmss
   15.0 4.04 0.574 7.907967552777778 1.0 2.0 5.855511613888889 0.5 1.5 1.5 0.9 ; values
                   504000000   ; time in ddhhmmss
   15.0 3.676 1.038 8.88799694814815 1.0 2.0 8.040007681481482 0.5 1.5 1.5 0.9 ; values
                   505000000   ; time in ddhhmmss
   15.0 1.05 0.518 9.030268518518517 1.0 2.0 0.0 0.5 1.5 1.5 0.9 ; values
                   506000000   ; time in ddhhmmss
   15.0 1.323 -0.148 10.715290688314816 1.0 2.0 0.6766074598333371 0.5 1.5 1.5 0.9 ; values
                   507000000   ; time in ddhhmmss
   15.0 3.891 -0.603 10.803991605951037 1.0 2.0 8.347897282937847 0.5 1.5 1.5 0.9 ; values
                   508000000   ; time in ddhhmmss
   15.0 2.686 -0.849 7.843188469715632 1.0 2.0 1.903707363617701 0.5 1.5 1.5 0.9 ; values
                   509000000   ; time in ddhhmmss
   15.0 7.215 1.09 9.6565545512037 1.0 2.0 10.79358433768519 0.5 1.5 1.5 0.9 ; values
                   510000000   ; time in ddhhmmss
   15.0 5.386 1.047 9.192793800740745 1.0 2.0 2.223308051111106 0.5 1.5 1.5 0.9 ; values
                   511000000   ; time in ddhhmmss
   15.0 4.682 0.541 7.964254324139894 1.0 2.0 2.448444749934182 0.5 1.5 1.5 0.9 ; values
                   512000000   ; time in ddhhmmss
   15.0 8.663 1.068 8.416834095471218 1.0 2.0 5.677476089713971 0.5 1.5 1.5 0.9 ; values
                   513000000   ; time in ddhhmmss
   15.0 6.042 0.174 9.380005621746378 1.0 2.0 0.9927073412165875 0.5 1.5 1.5 0.9 ; values
                   514000000   ; time in ddhhmmss
   15.0 5.663 1.485 9.43394728143554 1.0 2.0 2.0084971630089026 0.5 1.5 1.5 0.9 ; values
                   515000000   ; time in ddhhmmss
   15.0 7.416 1.594 7.704181124799565 1.0 2.0 5.600263319644879 0.5 1.5 1.5 0.9 ; values
                   516000000   ; time in ddhhmmss
   15.0 5.909 1.475 8.821590537929882 1.0 2.0 2.8568539065145604 0.5 1.5 1.5 0.9 ; values
                   517000000   ; time in ddhhmmss
   15.0 4.6 0.404 9.815595770199748 1.0 2.0 1.273357933503959 0.5 1.5 1.5 0.9 ; values
                   518000000   ; time in ddhhmmss
   15.0 4.597 1.003 7.984756641370369 1.0 2.0 4.044525766037039 0.5 1.5 1.5 0.9 ; values
                   519000000   ; time in ddhhmmss
   15.0 6.349 1.649 8.052781771462962 1.0 2.0 7.820681191500001 0.5 1.5 1.5 0.9 ; values
                   520000000   ; time in ddhhmmss
   15.0 5.397 2.304 7.92064835661111 1.0 2.0 4.487990532277777 0.5 1.5 1.5 0.9 ; values
                   521000000   ; time in ddhhmmss
   15.0 2.403 1.886 8.993106167925927 1.0 2.0 0.0 0.5 1.5 1.5 0.9 ; values
                   522000000   ; time in ddhhmmss
   15.0 6.917 2.719 8.928474162857551 1.0 2.0 4.867771521068372 0.5 1.5 1.5 0.9 ; values
                   523000000   ; time in ddhhmmss
   15.0 6.509 2.731 9.518939626063576 1.0 2.0 12.382692318380874 0.5 1.5 1.5 0.9 ; values
                   524000000   ; time in ddhhmmss
   15.0 0.756 2.29 6.699799877393688 1.0 2.0 0.8472417892729756 0.5 1.5 1.5 0.9 ; values
                   525000000   ; time in ddhhmmss
   15.0 5.093 2.675 8.042488456942056 1.0 2.0 5.810465246761648 0.5 1.5 1.5 0.9 ; values
                   526000000   ; time in ddhhmmss
   15.0 1.683 2.241 8.792496389650537 1.0 2.0 0.0 0.5 1.5 1.5 0.9 ; values
                   527000000   ; time in ddhhmmss
   15.0 3.933 1.168 9.646674513194442 1.0 2.0 0.1388383564142795 0.5 1.5 1.5 0.9 ; values
                   528000000   ; time in ddhhmmss
   15.0 4.206 1.465 9.8965787037037 1.0 2.0 0.0 0.5 1.5 1.5 0.9 ; values
                   529000000   ; time in ddhhmmss
   15.0 1.948 1.053 8.267823293720275 1.0 2.0 0.5426674470204642 0.5 1.5 1.5 0.9 ; values
                   530000000   ; time in ddhhmmss
   15.0 0.04 -1.463 10.262306069292071 1.0 2.0 13.268860597374596 0.5 1.5 1.5 0.9 ; values
                   531000000   ; time in ddhhmmss
   15.0 5.387 -0.404 7.530229523376542 1.0 2.0 1.5406176988456806 0.5 1.5 1.5 0.9 ; values
                   532000000   ; time in ddhhmmss
   15.0 4.245 0.343 8.547528381174823 1.0 2.0 1.918828100306659 0.5 1.5 1.5 0.9 ; values
                   533000000   ; time in ddhhmmss
   15.0 4.128 1.683 9.921431683528878 1.0 2.0 0.6660729461007513 0.5 1.5 1.5 0.9 ; values
                   534000000   ; time in ddhhmmss
   15.0 2.092 -0.612 8.936188810740742 1.0 2.0 0.0 0.5 1.5 1.5 0.9 ; values
                   535000000   ; time in ddhhmmss
   15.0 2.146 -0.159 9.0 1.0 2.0 0.0 0.5 1.5 1.5 0.9 ; values
                   536000000   ; time in ddhhmmss
   15.0 -0.096 0.021 8.598645508353131 1.0 2.0 0.0 0.5 1.5 1.5 0.9 ; values
                   537000000   ; time in ddhhmmss
   15.0 -0.051 -1.96 9.0 1.0 2.0 0.0 0.5 1.5 1.5 0.9 ; values
                   538000000   ; time in ddhhmmss
   15.0 -0.004 3.129 8.42583573537037 1.0 2.0 0.0 0.5 1.5 1.5 0.9 ; values
                   539000000   ; time in ddhhmmss
   15.0 -0.063 5.521 9.0 1.0 2.0 0.0 0.5 1.5 1.5 0.9 ; values
                   540000000   ; time in ddhhmmss
   15.0 -0.039 6.237 9.0 1.0 2.0 0.0 0.5 1.5 1.5 0.9 ; values
                   541000000   ; time in ddhhmmss
   15.0 3.973 4.236 9.0 1.0 2.0 0.0 0.5 1.5 1.5 0.9 ; values
                   542000000   ; time in ddhhmmss
   15.0 3.762 1.825 9.0 1.0 2.0 0.0 0.5 1.5 1.5 0.9 ; values
                   543000000   ; time in ddhhmmss
   15.0 4.399 2.884 9.0 1.0 2.0 0.0 0.5 1.5 1.5 0.9 ; values
                   544000000   ; time in ddhhmmss
   15.0 5.037 2.523 9.405794526632835 1.0 2.0 1.592984492976992 0.5 1.5 1.5 0.9 ; values
                   545000000   ; time in ddhhmmss
   15.0 4.507 2.027 10.04360867044302 1.0 2.0 8.428932996223647 0.5 1.5 1.5 0.9 ; values
                   546000000   ; time in ddhhmmss
   15.0 6.602 3.856 7.7782099926495745 1.0 2.0 21.986965933276352 0.5 1.5 1.5 0.9 ; values
                   547000000   ; time in ddhhmmss
   15.0 6.244 2.893 6.465906823999999 1.0 2.0 15.436023731555558 0.5 1.5 1.5 0.9 ; values
                   548000000   ; time in ddhhmmss
   15.0 1.787 0.493 8.774059918703703 1.0 2.0 5.341183136851846 0.5 1.5 1.5 0.9 ; values
                   549000000   ; time in ddhhmmss
   15.0 3.681 1.599 9.017356572876118 1.0 2.0 3.965942038234996 0.5 1.5 1.5 0.9 ; values
                   550000000   ; time in ddhhmmss
   15.0 2.108 0.283 7.7137707225984755 1.0 2.0 1.450840388512637 0.5 1.5 1.5 0.9 ; values
                   551000000   ; time in ddhhmmss
   15.0 4.048 2.873 9.371965829634345 1.0 2.0 3.771719355550841 0.5 1.5 1.5 0.9 ; values
                   552000000   ; time in ddhhmmss
   15.0 6.882 3.066 8.855241445076253 1.0 2.0 6.4201891104792965 0.5 1.5 1.5 0.9 ; values
                   553000000   ; time in ddhhmmss
   15.0 7.202 2.487 9.327082815666667 1.0 2.0 5.482750517666664 0.5 1.5 1.5 0.9 ; values
                   554000000   ; time in ddhhmmss
   15.0 5.549 3.287 9.389195613074072 1.0 2.0 3.9478460535925937 0.5 1.5 1.5 0.9 ; values
                   555000000   ; time in ddhhmmss
   15.0 4.001 1.764 9.639272011373215 1.0 2.0 0.3513066923304895 0.5 1.5 1.5 0.9 ; values
                   556000000   ; time in ddhhmmss
   15.0 4.884 3.218 9.145886682905878 1.0 2.0 4.008080909686712 0.5 1.5 1.5 0.9 ; values
                   557000000   ; time in ddhhmmss
   15.0 21.368 8.826 9.172280079035712 1.0 2.0 25.935956032075392 0.5 1.5 1.5 0.9 ; values
                   558000000   ; time in ddhhmmss
   15.0 15.71 3.401 9.10241170148148 1.0 2.0 14.096435520740757 0.5 1.5 1.5 0.9 ; values
                   559000000   ; time in ddhhmmss
   15.0 5.907 3.47 7.762485122017621 1.0 2.0 5.495764877982378 0.5 1.5 1.5 0.9 ; values
                   560000000   ; time in ddhhmmss
   15.0 5.115 3.287 8.730985020446346 1.0 2.0 0.0 0.5 1.5 1.5 0.9 ; values
                   561000000   ; time in ddhhmmss
   15.0 3.6 2.143 8.817650065832332 1.0 2.0 0.0 0.5 1.5 1.5 0.9 ; values
                   562000000   ; time in ddhhmmss
   15.0 2.851 1.31 9.0 1.0 2.0 0.0 0.5 1.5 1.5 0.9 ; values
                   563000000   ; time in ddhhmmss
   15.0 4.244 3.001 9.0 1.0 2.0 0.0 0.5 1.5 1.5 0.9 ; values
                   564000000   ; time in ddhhmmss
   15.0 2.366 1.673 9.0 1.0 2.0 0.0 0.5 1.5 1.5 0.9 ; values
                   565000000   ; time in ddhhmmss
   15.0 3.573 3.399 9.0 1.0 2.0 0.0 0.5 1.5 1.5 0.9 ; values
                   566000000   ; time in ddhhmmss
   15.0 5.679 3.931 9.0 1.0 2.0 0.0 0.5 1.5 1.5 0.9 ; values
                   567000000   ; time in ddhhmmss
   15.0 4.327 2.997 9.0 1.0 2.0 0.0 0.5 1.5 1.5 0.9 ; values
                   568000000   ; time in ddhhmmss
   15.0 5.057 2.679 7.4210683464814835 1.0 2.0 0.0 0.5 1.5 1.5 0.9 ; values
                   569000000   ; time in ddhhmmss
   15.0 7.881 4.398 8.050295062695472 1.0 2.0 0.0 0.5 1.5 1.5 0.9 ; values
                   570000000   ; time in ddhhmmss
   15.0 5.312 1.342 9.0 1.0 2.0 0.0 0.5 1.5 1.5 0.9 ; values
                   571000000   ; time in ddhhmmss
   15.0 1.361 2.213 8.300565216708996 1.0 2.0 0.0 0.5 1.5 1.5 0.9 ; values
                   572000000   ; time in ddhhmmss
   15.0 2.139 1.393 8.585601396314818 1.0 2.0 0.0 0.5 1.5 1.5 0.9 ; values
                   573000000   ; time in ddhhmmss
   15.0 1.581 0.999 8.355123847129633 1.0 2.0 0.0 0.5 1.5 1.5 0.9 ; values
                   574000000   ; time in ddhhmmss
   15.0 5.337 3.001 8.88693298681818 1.0 2.0 0.0 0.5 1.5 1.5 0.9 ; values
                   575000000   ; time in ddhhmmss
   15.0 4.345 2.043 8.880641467336408 1.0 2.0 0.0 0.5 1.5 1.5 0.9 ; values
                   576000000   ; time in ddhhmmss
   15.0 5.068 2.399 8.67256878487433 1.0 2.0 2.295461323880541 0.5 1.5 1.5 0.9 ; values
                   577000000   ; time in ddhhmmss
   15.0 3.34 1.477 8.965745962785896 1.0 2.0 0.421161444621513 0.5 1.5 1.5 0.9 ; values
                   578000000   ; time in ddhhmmss
   15.0 2.034 1.584 8.316214063981482 1.0 2.0 0.5603507508333312 0.5 1.5 1.5 0.9 ; values
                   579000000   ; time in ddhhmmss
   15.0 2.599 0.869 8.337733577509258 1.0 2.0 0.0 0.5 1.5 1.5 0.9 ; values
                   580000000   ; time in ddhhmmss
   15.0 7.188 3.66 9.208223618531836 1.0 2.0 5.772126137292233 0.5 1.5 1.5 0.9 ; values
                   581000000   ; time in ddhhmmss
   15.0 7.909 4.025 9.870442646372489 1.0 2.0 6.564599020294176 0.5 1.5 1.5 0.9 ; values
                   582000000   ; time in ddhhmmss
   15.0 8.902 4.777 10.929210950377104 1.0 2.0 7.2508307162895695 0.5 1.5 1.5 0.9 ; values
                   583000000   ; time in ddhhmmss
   15.0 6.432 3.579 8.436950456968574 1.0 2.0 6.419419913401794 0.5 1.5 1.5 0.9 ; values
                   584000000   ; time in ddhhmmss
   15.0 3.759 1.787 8.912880301042328 1.0 2.0 2.373744698957668 0.5 1.5 1.5 0.9 ; values
                   585000000   ; time in ddhhmmss
   15.0 3.924 1.962 8.774613524869194 1.0 2.0 2.0944883269826566 0.5 1.5 1.5 0.9 ; values
                   586000000   ; time in ddhhmmss
   15.0 4.796 3.185 9.189922829736629 1.0 2.0 3.429850318411517 0.5 1.5 1.5 0.9 ; values
                   587000000   ; time in ddhhmmss
   15.0 5.305 2.715 8.335048132407408 1.0 2.0 4.8746509416666655 0.5 1.5 1.5 0.9 ; values
                   588000000   ; time in ddhhmmss
   15.0 5.077 2.03 6.566785609259259 1.0 2.0 5.247853279629628 0.5 1.5 1.5 0.9 ; values
                   589000000   ; time in ddhhmmss
   15.0 5.478 2.571 9.337764187154152 1.0 2.0 3.832069146179184 0.5 1.5 1.5 0.9 ; values
                   590000000   ; time in ddhhmmss
   15.0 3.308 2.192 9.857203852568068 1.0 2.0 0.7636294807652648 0.5 1.5 1.5 0.9 ; values
                   591000000   ; time in ddhhmmss
   15.0 3.667 1.901 9.848601895525052 1.0 2.0 0.4959027341045789 0.5 1.5 1.5 0.9 ; values
                   592000000   ; time in ddhhmmss
   15.0 3.411 1.722 9.130558373155909 1.0 2.0 1.0544092194366863 0.5 1.5 1.5 0.9 ; values
                   593000000   ; time in ddhhmmss
   15.0 3.999 2.787 9.91104309555978 1.0 2.0 3.648568015551327 0.5 1.5 1.5 0.9 ; values
                   594000000   ; time in ddhhmmss
   15.0 4.288 2.788 8.791771829814817 1.0 2.0 4.472480484999997 0.5 1.5 1.5 0.9 ; values
                   595000000   ; time in ddhhmmss
   15.0 6.277 3.549 9.161443731978338 1.0 2.0 5.923121082836475 0.5 1.5 1.5 0.9 ; values
                   596000000   ; time in ddhhmmss
   15.0 6.378 2.91 9.947758860614258 1.0 2.0 4.874268917163522 0.5 1.5 1.5 0.9 ; values
                   597000000   ; time in ddhhmmss
   15.0 4.835 2.923 8.710345216071829 1.0 2.0 4.443951080224466 0.5 1.5 1.5 0.9 ; values
                   598000000   ; time in ddhhmmss
   15.0 3.051 1.809 8.475621179520765 1.0 2.0 3.157989931590349 0.5 1.5 1.5 0.9 ; values
                   599000000   ; time in ddhhmmss
   15.0 1.91 1.398 8.389519253925926 1.0 2.0 1.141165931259259 0.5 1.5 1.5 0.9 ; values
                   600000000   ; time in ddhhmmss
   15.0 5.205 2.353 8.868510499644621 1.0 2.0 5.118771907762787 0.5 1.5 1.5 0.9 ; values
                   601000000   ; time in ddhhmmss
   15.0 4.647 2.618 8.211009983873899 1.0 2.0 4.725749275385358 0.5 1.5 1.5 0.9 ; values
                   602000000   ; time in ddhhmmss
   15.0 4.048 1.605 7.928365704814813 1.0 2.0 2.9831991100000046 0.5 1.5 1.5 0.9 ; values
                   603000000   ; time in ddhhmmss
   15.0 5.406 2.905 8.950066383222222 1.0 2.0 5.377021579740743 0.5 1.5 1.5 0.9 ; values
                   604000000   ; time in ddhhmmss
   15.0 3.602 1.26 8.659740228346344 1.0 2.0 7.452144030912923 0.5 1.5 1.5 0.9 ; values
                   605000000   ; time in ddhhmmss
   15.0 4.191 2.199 8.910514125203036 1.0 2.0 14.686256708130298 0.5 1.5 1.5 0.9 ; values
                   606000000   ; time in ddhhmmss
   15.0 4.897 2.42 8.417215680077323 1.0 2.0 6.465351449552307 0.5 1.5 1.5 0.9 ; values
                   607000000   ; time in ddhhmmss
   15.0 8.324 4.055 9.362933268614036 1.0 2.0 12.854203305460038 0.5 1.5 1.5 0.9 ; values
                   608000000   ; time in ddhhmmss
   15.0 6.121 3.343 10.199285028648148 1.0 2.0 15.300768212092596 0.5 1.5 1.5 0.9 ; values
                   609000000   ; time in ddhhmmss
   15.0 4.926 2.266 8.869344844814817 1.0 2.0 4.889669044074068 0.5 1.5 1.5 0.9 ; values
                   610000000   ; time in ddhhmmss
   15.0 3.734 1.884 8.240002276000002 1.0 2.0 2.70542827955555 0.5 1.5 1.5 0.9 ; values
                   611000000   ; time in ddhhmmss
   15.0 1.656 1.071 8.691375777685376 1.0 2.0 0.0 0.5 1.5 1.5 0.9 ; values
                   612000000   ; time in ddhhmmss
   15.0 3.392 2.132 9.462237282441368 1.0 2.0 1.09657675468807 0.5 1.5 1.5 0.9 ; values
                   613000000   ; time in ddhhmmss
   15.0 4.816 1.808 8.55159849533622 1.0 2.0 5.775700115774889 0.5 1.5 1.5 0.9 ; values
                   614000000   ; time in ddhhmmss
   15.0 4.873 3.037 9.249243485185184 1.0 2.0 5.090038922222223 0.5 1.5 1.5 0.9 ; values
                   615000000   ; time in ddhhmmss
   15.0 3.34 2.279 8.623988921740738 1.0 2.0 2.873367559740743 0.5 1.5 1.5 0.9 ; values
                   616000000   ; time in ddhhmmss
   15.0 10.08 5.381 9.342430081833331 1.0 2.0 14.889287510759257 0.5 1.5 1.5 0.9 ; values
                   617000000   ; time in ddhhmmss
   15.0 6.623 3.405 11.145778134333332 1.0 2.0 21.77041631011112 0.5 1.5 1.5 0.9 ; values
                   618000000   ; time in ddhhmmss
   15.0 4.489 2.589 8.143926363617991 1.0 2.0 5.225624562307929 0.5 1.5 1.5 0.9 ; values
                   619000000   ; time in ddhhmmss
   15.0 7.234 1.829 9.183265309428783 1.0 2.0 10.544260153534182 0.5 1.5 1.5 0.9 ; values
                   620000000   ; time in ddhhmmss
   15.0 7.767 2.815 9.60126322362123 1.0 2.0 7.306720572675072 0.5 1.5 1.5 0.9 ; values
                   621000000   ; time in ddhhmmss
   15.0 25.792 9.238 9.990956210739403 1.0 2.0 30.607504437408743 0.5 1.5 1.5 0.9 ; values
                   622000000   ; time in ddhhmmss
   15.0 53.768 12.521 30.251182257814808 1.0 2.0 41.84730848292593 0.5 1.5 1.5 0.9 ; values
                   623000000   ; time in ddhhmmss
   15.0 29.664 7.902 25.99795156461111 1.0 2.0 17.44640491687038 0.5 1.5 1.5 0.9 ; values
                   624000000   ; time in ddhhmmss
   15.0 16.48 3.526 25.815490740740746 1.0 2.0 0.0 0.5 1.5 1.5 0.9 ; values
                   625000000   ; time in ddhhmmss
   15.0 10.144 1.974 17.78975925925926 1.0 2.0 0.0 0.5 1.5 1.5 0.9 ; values
                   626000000   ; time in ddhhmmss
   15.0 10.412 2.125 18.41535648148148 1.0 2.0 0.0 0.5 1.5 1.5 0.9 ; values
                   627000000   ; time in ddhhmmss
   15.0 7.906 1.362 15.077490740740748 1.0 2.0 0.0 0.5 1.5 1.5 0.9 ; values
                   628000000   ; time in ddhhmmss
   15.0 4.965 1.05 11.824490740740746 1.0 2.0 0.0 0.5 1.5 1.5 0.9 ; values
                   629000000   ; time in ddhhmmss
   15.0 5.649 0.702 18.702736111111108 1.0 2.0 0.0 0.5 1.5 1.5 0.9 ; values
                   630000000   ; time in ddhhmmss
   15.0 4.774 1.043 14.828747685185192 1.0 2.0 0.0 0.5 1.5 1.5 0.9 ; values
                   631000000   ; time in ddhhmmss
   15.0 4.722 0.919 12.276879629629631 1.0 2.0 0.0 0.5 1.5 1.5 0.9 ; values
                   632000000   ; time in ddhhmmss
   15.0 3.467 0.987 10.40122222222222 1.0 2.0 0.0 0.5 1.5 1.5 0.9 ; values
                   633000000   ; time in ddhhmmss
   15.0 3.029 0.729 10.187282407407402 1.0 2.0 0.0 0.5 1.5 1.5 0.9 ; values
                   634000000   ; time in ddhhmmss
   15.0 3.558 0.927 11.53407407407407 1.0 2.0 0.0 0.5 1.5 1.5 0.9 ; values
                   635000000   ; time in ddhhmmss
   15.0 2.618 0.896 17.036453703703707 1.0 2.0 0.0 0.5 1.5 1.5 0.9 ; values
                   636000000   ; time in ddhhmmss
   15.0 3.801 1.922 14.183821759259269 1.0 2.0 0.0 0.5 1.5 1.5 0.9 ; values
                   637000000   ; time in ddhhmmss
   15.0 4.84 1.43 12.561550925925925 1.0 2.0 0.0 0.5 1.5 1.5 0.9 ; values
                   638000000   ; time in ddhhmmss
   15.0 3.109 1.212 22.870652777777785 1.0 2.0 0.0 0.5 1.5 1.5 0.9 ; values
                   639000000   ; time in ddhhmmss
   15.0 2.383 0.749 10.043342592592587 1.0 2.0 0.0 0.5 1.5 1.5 0.9 ; values
                   640000000   ; time in ddhhmmss
   15.0 4.089 -0.027 12.212925925925926 1.0 2.0 0.0 0.5 1.5 1.5 0.9 ; values
                   641000000   ; time in ddhhmmss
   15.0 2.598 1.205 11.919493055555556 1.0 2.0 0.0 0.5 1.5 1.5 0.9 ; values
                   642000000   ; time in ddhhmmss
   15.0 7.051 0.046 22.134500000000003 1.0 2.0 0.0 0.5 1.5 1.5 0.9 ; values
                   643000000   ; time in ddhhmmss
   15.0 7.581 -0.109 19.41054166666667 1.0 2.0 0.0 0.5 1.5 1.5 0.9 ; values
                   644000000   ; time in ddhhmmss
   15.0 7.018 1.615 21.811125 1.0 2.0 0.0 0.5 1.5 1.5 0.9 ; values
                   645000000   ; time in ddhhmmss
   15.0 14.741 1.141 28.375431287851853 1.0 2.0 1.5455154714074055 0.5 1.5 1.5 0.9 ; values
                   646000000   ; time in ddhhmmss
   15.0 11.062 1.141 19.28650694444444 1.0 2.0 0.0 0.5 1.5 1.5 0.9 ; values
                   647000000   ; time in ddhhmmss
   15.0 7.149 1.141 15.580104166666668 1.0 2.0 0.0 0.5 1.5 1.5 0.9 ; values
                   648000000   ; time in ddhhmmss
   15.0 6.241 1.141 14.431074074074084 1.0 2.0 0.0 0.5 1.5 1.5 0.9 ; values
                   649000000   ; time in ddhhmmss
   15.0 6.04 1.141 13.679148148148144 1.0 2.0 0.0 0.5 1.5 1.5 0.9 ; values
                   650000000   ; time in ddhhmmss
   15.0 4.568 1.141 12.551476851851843 1.0 2.0 0.0 0.5 1.5 1.5 0.9 ; values
                   651000000   ; time in ddhhmmss
   15.0 4.563 1.141 12.133282407407416 1.0 2.0 0.0 0.5 1.5 1.5 0.9 ; values
                   652000000   ; time in ddhhmmss
   15.0 3.945 1.141 11.584148148148142 1.0 2.0 0.0 0.5 1.5 1.5 0.9 ; values
                   653000000   ; time in ddhhmmss
   15.0 2.163 1.141 9.802148148148156 1.0 2.0 0.0 0.5 1.5 1.5 0.9 ; values
                   654000000   ; time in ddhhmmss
   15.0 3.617 1.141 11.325013888888892 1.0 2.0 0.0 0.5 1.5 1.5 0.9 ; values
                   655000000   ; time in ddhhmmss
   15.0 3.103 1.141 10.948745370370364 1.0 2.0 0.0 0.5 1.5 1.5 0.9 ; values
                   656000000   ; time in ddhhmmss
   15.0 3.236 1.141 11.150611111111116 1.0 2.0 0.0 0.5 1.5 1.5 0.9 ; values
                   657000000   ; time in ddhhmmss
   15.0 2.832 1.141 10.81547685185184 1.0 2.0 0.0 0.5 1.5 1.5 0.9 ; values
                   658000000   ; time in ddhhmmss
   15.0 4.229 1.141 12.55680555555556 1.0 2.0 0.0 0.5 1.5 1.5 0.9 ; values
                   659000000   ; time in ddhhmmss
   15.0 6.664 1.141 14.716342592592584 1.0 2.0 0.0 0.5 1.5 1.5 0.9 ; values
                   660000000   ; time in ddhhmmss
   15.0 9.987 1.141 17.970476851851856 1.0 2.0 0.0 0.5 1.5 1.5 0.9 ; values
                   661000000   ; time in ddhhmmss
   15.0 7.985 1.141 18.619807870370373 1.0 2.0 0.0 0.5 1.5 1.5 0.9 ; values
                   662000000   ; time in ddhhmmss
   15.0 -2.684 1.141 9.05265972222223 1.0 2.0 0.0 0.5 1.5 1.5 0.9 ; values
                   663000000   ; time in ddhhmmss
   15.0 5.135 0.667 17.017451388888887 1.0 2.0 0.0 0.5 1.5 1.5 0.9 ; values
                   664000000   ; time in ddhhmmss
   15.0 4.922 -0.24 11.52447685185185 1.0 2.0 0.0 0.5 1.5 1.5 0.9 ; values
                   665000000   ; time in ddhhmmss
   15.0 3.94 0.686 11.537342592592594 1.0 2.0 0.0 0.5 1.5 1.5 0.9 ; values
                   666000000   ; time in ddhhmmss
   15.0 9.521 -0.939 15.97540277777778 1.0 2.0 0.0 0.5 1.5 1.5 0.9 ; values
                   667000000   ; time in ddhhmmss
   15.0 4.685 0.131 12.27826851851852 1.0 2.0 0.0 0.5 1.5 1.5 0.9 ; values
                   668000000   ; time in ddhhmmss
   15.0 3.821 0.519 19.0331712962963 1.0 2.0 0.0 0.5 1.5 1.5 0.9 ; values
                   669000000   ; time in ddhhmmss
   15.0 3.516 0.767 12.468358796296291 1.0 2.0 0.0 0.5 1.5 1.5 0.9 ; values
                   670000000   ; time in ddhhmmss
   15.0 3.826 0.48 13.489912037037035 1.0 2.0 0.0 0.5 1.5 1.5 0.9 ; values
                   671000000   ; time in ddhhmmss
   15.0 2.726 0.255 13.129032407407408 1.0 2.0 0.0 0.5 1.5 1.5 0.9 ; values
                   672000000   ; time in ddhhmmss
   15.0 3.113 0.955 11.392537037037034 1.0 2.0 0.0 0.5 1.5 1.5 0.9 ; values
                   673000000   ; time in ddhhmmss
   15.0 7.331 1.256 15.636074074074076 1.0 2.0 0.0 0.5 1.5 1.5 0.9 ; values
                   674000000   ; time in ddhhmmss
   15.0 6.908 1.008 14.827342592592595 1.0 2.0 0.0 0.5 1.5 1.5 0.9 ; values
                   675000000   ; time in ddhhmmss
   15.0 5.738 1.424 14.142208333333327 1.0 2.0 0.0 0.5 1.5 1.5 0.9 ; values
                   676000000   ; time in ddhhmmss
   15.0 5.201 1.012 13.262074074074077 1.0 2.0 0.0 0.5 1.5 1.5 0.9 ; values
                   677000000   ; time in ddhhmmss
   15.0 4.393 0.089 11.599939814814814 1.0 2.0 0.0 0.5 1.5 1.5 0.9 ; values
                   678000000   ; time in ddhhmmss
   15.0 5.373 -0.449 12.248537037037035 1.0 2.0 0.0 0.5 1.5 1.5 0.9 ; values
                   679000000   ; time in ddhhmmss
   15.0 6.15 0.904 14.3096712962963 1.0 2.0 0.0 0.5 1.5 1.5 0.9 ; values
                   680000000   ; time in ddhhmmss
   15.0 7.869 1.401 18.729375 1.0 2.0 0.0 0.5 1.5 1.5 0.9 ; values
                   681000000   ; time in ddhhmmss
   15.0 11.335 2.504 20.956939814814817 1.0 2.0 0.0 0.5 1.5 1.5 0.9 ; values
                   682000000   ; time in ddhhmmss
   15.0 9.081 2.53 18.93553703703704 1.0 2.0 0.0 0.5 1.5 1.5 0.9 ; values
                   683000000   ; time in ddhhmmss
   15.0 7.397 1.468 16.1206712962963 1.0 2.0 0.0 0.5 1.5 1.5 0.9 ; values
                   684000000   ; time in ddhhmmss
   15.0 5.627 1.054 18.61954166666667 1.0 2.0 0.0 0.5 1.5 1.5 0.9 ; values
                   685000000   ; time in ddhhmmss
   15.0 6.006 1.613 15.97652314814814 1.0 2.0 0.0 0.5 1.5 1.5 0.9 ; values
                   686000000   ; time in ddhhmmss
   15.0 6.911 1.42 16.41306018518519 1.0 2.0 0.0 0.5 1.5 1.5 0.9 ; values
                   687000000   ; time in ddhhmmss
   15.0 8.429 0.665 16.48740277777779 1.0 2.0 0.0 0.5 1.5 1.5 0.9 ; values
                   688000000   ; time in ddhhmmss
   15.0 6.112 1.828 15.471134259259252 1.0 2.0 0.0 0.5 1.5 1.5 0.9 ; values
                   689000000   ; time in ddhhmmss
   15.0 11.69 1.715 21.900254629629632 1.0 2.0 0.0 0.5 1.5 1.5 0.9 ; values
                   690000000   ; time in ddhhmmss
   15.0 11.0 2.429 23.23270370370371 1.0 2.0 0.0 0.5 1.5 1.5 0.9 ; values
                   691000000   ; time in ddhhmmss
   15.0 8.766 1.576 23.933319444444447 1.0 2.0 0.0 0.5 1.5 1.5 0.9 ; values
                   692000000   ; time in ddhhmmss
   15.0 10.123 2.129 25.05136342592592 1.0 2.0 0.0 0.5 1.5 1.5 0.9 ; values
                   693000000   ; time in ddhhmmss
   15.0 9.534 2.294 19.152537037037035 1.0 2.0 0.0 0.5 1.5 1.5 0.9 ; values
                   694000000   ; time in ddhhmmss
   15.0 11.199 2.834 23.59567361111112 1.0 2.0 0.0 0.5 1.5 1.5 0.9 ; values
                   695000000   ; time in ddhhmmss
   15.0 16.674 4.838 28.76767129629629 1.0 2.0 0.0 0.5 1.5 1.5 0.9 ; values
                   696000000   ; time in ddhhmmss
   15.0 33.143 8.48 31.2332734690614 1.0 2.0 17.645397827234902 0.5 1.5 1.5 0.9 ; values
                   697000000   ; time in ddhhmmss
   15.0 21.847 4.628 32.512151071160815 1.0 2.0 2.148207725135484 0.5 1.5 1.5 0.9 ; values
                   698000000   ; time in ddhhmmss
   15.0 16.594 4.048 29.03353030183857 1.0 2.0 2.100830809272544 0.5 1.5 1.5 0.9 ; values
                   699000000   ; time in ddhhmmss
   15.0 18.215 4.675 30.63864829919846 1.0 2.0 6.56576142302376 0.5 1.5 1.5 0.9 ; values
                   700000000   ; time in ddhhmmss
   15.0 15.675 4.274 27.34240277777778 1.0 2.0 0.0 0.5 1.5 1.5 0.9 ; values
                   701000000   ; time in ddhhmmss
   15.0 11.987 3.511 22.96026851851852 1.0 2.0 0.0 0.5 1.5 1.5 0.9 ; values
                   702000000   ; time in ddhhmmss
   15.0 10.279 2.498 20.308134259259266 1.0 2.0 0.0 0.5 1.5 1.5 0.9 ; values
                   703000000   ; time in ddhhmmss
   15.0 9.023 1.977 18.53113425925926 1.0 2.0 0.0 0.5 1.5 1.5 0.9 ; values
                   704000000   ; time in ddhhmmss
   15.0 8.868 1.739 18.207000000000004 1.0 2.0 0.0 0.5 1.5 1.5 0.9 ; values
                   705000000   ; time in ddhhmmss
   15.0 10.286 2.825 20.366671296296296 1.0 2.0 0.0 0.5 1.5 1.5 0.9 ; values
                   706000000   ; time in ddhhmmss
   15.0 15.644 3.026 25.99453703703704 1.0 2.0 0.0 0.5 1.5 1.5 0.9 ; values
                   707000000   ; time in ddhhmmss
   15.0 15.546 2.494 25.36453703703704 1.0 2.0 0.0 0.5 1.5 1.5 0.9 ; values
                   708000000   ; time in ddhhmmss
   15.0 17.694 4.611 29.62953703703704 1.0 2.0 0.0 0.5 1.5 1.5 0.9 ; values
                   709000000   ; time in ddhhmmss
   15.0 42.568 7.892 28.50577423559259 1.0 2.0 32.584318357 0.5 1.5 1.5 0.9 ; values
                   710000000   ; time in ddhhmmss
   15.0 28.623 3.982 26.774992497839506 1.0 2.0 13.843201946604944 0.5 1.5 1.5 0.9 ; values
                   711000000   ; time in ddhhmmss
   15.0 41.356 8.189 28.138845653512345 1.0 2.0 44.01888582796914 0.5 1.5 1.5 0.9 ; values
                   712000000   ; time in ddhhmmss
   15.0 87.552 16.862 26.88120472272544 1.0 2.0 10.65601759107146 0.5 1.5 1.5 0.9 ; values
                   713000000   ; time in ddhhmmss
   15.0 65.496 11.193 25.111401469404186 1.0 2.0 19.92568804436948 0.5 1.5 1.5 0.9 ; values
                   714000000   ; time in ddhhmmss
   15.0 37.574 6.828 26.39952022037037 1.0 2.0 60.24194737222223 0.5 1.5 1.5 0.9 ; values
                   715000000   ; time in ddhhmmss
   15.0 35.866 6.502 29.490272273925928 1.0 2.0 54.70400087422223 0.5 1.5 1.5 0.9 ; values
                   716000000   ; time in ddhhmmss
   15.0 38.785 6.08 30.025165918462964 1.0 2.0 56.59724148894445 0.5 1.5 1.5 0.9 ; values
                   717000000   ; time in ddhhmmss
   15.0 28.625 4.849 27.95392097957407 1.0 2.0 26.51138293359614 0.5 1.5 1.5 0.9 ; values
                   718000000   ; time in ddhhmmss
   15.0 20.18 2.52 30.01445983972222 1.0 2.0 1.9383179380555609 0.5 1.5 1.5 0.9 ; values
                   719000000   ; time in ddhhmmss
   15.0 19.648 1.551 26.77044958847737 1.0 2.0 4.576582818930037 0.5 1.5 1.5 0.9 ; values
                   720000000   ; time in ddhhmmss
   15.0 19.924 1.052 28.288810267615823 1.0 2.0 5.555418899050848 0.5 1.5 1.5 0.9 ; values
                   721000000   ; time in ddhhmmss
   15.0 19.713 1.789 29.25981363276876 1.0 2.0 2.1147558116756864 0.5 1.5 1.5 0.9 ; values
                   722000000   ; time in ddhhmmss
   15.0 16.971 1.953 26.455134259259257 1.0 2.0 0.0 0.5 1.5 1.5 0.9 ; values
                   723000000   ; time in ddhhmmss
   15.0 14.588 1.552 23.84329861111111 1.0 2.0 0.0 0.5 1.5 1.5 0.9 ; values
                   724000000   ; time in ddhhmmss
   15.0 13.498 1.201 22.26456712962963 1.0 2.0 0.0 0.5 1.5 1.5 0.9 ; values
                   725000000   ; time in ddhhmmss
   15.0 14.35 1.562 24.372821759259264 1.0 2.0 0.0 0.5 1.5 1.5 0.9 ; values
                   726000000   ; time in ddhhmmss
   15.0 13.898 3.346 28.669767477944447 1.0 2.0 9.32758900353704 0.5 1.5 1.5 0.9 ; values
                   727000000   ; time in ddhhmmss
   15.0 10.127 3.875 21.73973148148149 1.0 2.0 0.0 0.5 1.5 1.5 0.9 ; values
                   728000000   ; time in ddhhmmss
   15.0 14.173 3.946 25.581268518518517 1.0 2.0 0.0 0.5 1.5 1.5 0.9 ; values
                   729000000   ; time in ddhhmmss
   15.0 26.309 10.541 13.42333449074074 1.0 2.0 30.95779976851852 0.5 1.5 1.5 0.9 ; values
                   730000000   ; time in ddhhmmss
   15.0 7.492 2.113 22.542094907407407 1.0 2.0 0.0 0.5 1.5 1.5 0.9 ; values
